10
1000
1 1 6
1 2 0
1 3 9
1 4 8
1 5 8
1 6 8
1 7 6
1 8 6
1 9 8
1 10 8
2 1 7
2 2 8
2 3 0
2 4 0
2 5 0
2 6 6
2 7 7
2 8 0
2 9 0
2 10 9
3 1 8
3 2 9
3 3 7
3 4 0
3 5 6
3 6 9
3 7 0
3 8 6
3 9 0
3 10 0
4 1 8
4 2 7
4 3 0
4 4 0
4 5 7
4 6 9
4 7 9
4 8 7
4 9 9
4 10 0
5 1 0
5 2 7
5 3 8
5 4 7
5 5 7
5 6 0
5 7 6
5 8 6
5 9 6
5 10 0
6 1 0
6 2 8
6 3 9
6 4 7
6 5 6
6 6 0
6 7 8
6 8 6
6 9 8
6 10 0
7 1 8
7 2 9
7 3 8
7 4 7
7 5 9
7 6 6
7 7 7
7 8 9
7 9 7
7 10 0
8 1 8
8 2 0
8 3 7
8 4 6
8 5 8
8 6 8
8 7 0
8 8 9
8 9 8
8 10 0
9 1 7
9 2 0
9 3 8
9 4 7
9 5 0
9 6 0
9 7 8
9 8 7
9 9 0
9 10 0
10 1 0
10 2 0
10 3 0
10 4 7
10 5 6
10 6 0
10 7 9
10 8 6
10 9 6
10 10 0
11 1 0
11 2 6
11 3 6
11 4 0
11 5 0
11 6 8
11 7 7
11 8 0
11 9 0
11 10 7
12 1 8
12 2 9
12 3 9
12 4 0
12 5 0
12 6 9
12 7 8
12 8 0
12 9 9
12 10 0
13 1 9
13 2 0
13 3 7
13 4 0
13 5 6
13 6 8
13 7 0
13 8 9
13 9 8
13 10 9
14 1 6
14 2 9
14 3 9
14 4 9
14 5 7
14 6 6
14 7 0
14 8 0
14 9 0
14 10 7
15 1 0
15 2 0
15 3 8
15 4 8
15 5 6
15 6 0
15 7 0
15 8 8
15 9 8
15 10 8
16 1 8
16 2 0
16 3 0
16 4 0
16 5 9
16 6 6
16 7 0
16 8 7
16 9 0
16 10 8
17 1 7
17 2 8
17 3 0
17 4 0
17 5 9
17 6 0
17 7 0
17 8 9
17 9 8
17 10 7
18 1 0
18 2 9
18 3 0
18 4 0
18 5 7
18 6 0
18 7 7
18 8 6
18 9 7
18 10 7
19 1 6
19 2 7
19 3 9
19 4 6
19 5 8
19 6 0
19 7 8
19 8 7
19 9 8
19 10 0
20 1 6
20 2 9
20 3 0
20 4 7
20 5 7
20 6 0
20 7 6
20 8 7
20 9 6
20 10 0
21 1 9
21 2 8
21 3 0
21 4 8
21 5 6
21 6 9
21 7 0
21 8 9
21 9 9
21 10 0
22 1 9
22 2 0
22 3 0
22 4 6
22 5 7
22 6 9
22 7 0
22 8 6
22 9 7
22 10 6
23 1 0
23 2 6
23 3 0
23 4 8
23 5 9
23 6 7
23 7 8
23 8 9
23 9 8
23 10 6
24 1 0
24 2 6
24 3 8
24 4 8
24 5 0
24 6 0
24 7 9
24 8 0
24 9 0
24 10 0
25 1 9
25 2 9
25 3 8
25 4 9
25 5 9
25 6 0
25 7 0
25 8 0
25 9 0
25 10 0
26 1 8
26 2 0
26 3 7
26 4 8
26 5 8
26 6 7
26 7 0
26 8 0
26 9 7
26 10 6
27 1 0
27 2 8
27 3 8
27 4 0
27 5 8
27 6 7
27 7 7
27 8 9
27 9 8
27 10 6
28 1 7
28 2 6
28 3 0
28 4 7
28 5 9
28 6 0
28 7 0
28 8 0
28 9 0
28 10 9
29 1 0
29 2 0
29 3 8
29 4 0
29 5 0
29 6 0
29 7 0
29 8 9
29 9 9
29 10 0
30 1 6
30 2 8
30 3 9
30 4 7
30 5 0
30 6 9
30 7 0
30 8 6
30 9 8
30 10 6
31 1 8
31 2 0
31 3 8
31 4 0
31 5 7
31 6 7
31 7 0
31 8 0
31 9 0
31 10 8
32 1 7
32 2 6
32 3 7
32 4 0
32 5 9
32 6 0
32 7 8
32 8 9
32 9 8
32 10 0
33 1 0
33 2 0
33 3 7
33 4 0
33 5 9
33 6 0
33 7 6
33 8 7
33 9 0
33 10 6
34 1 8
34 2 6
34 3 8
34 4 7
34 5 0
34 6 7
34 7 0
34 8 0
34 9 0
34 10 8
35 1 8
35 2 0
35 3 7
35 4 9
35 5 0
35 6 6
35 7 7
35 8 8
35 9 6
35 10 9
36 1 6
36 2 8
36 3 9
36 4 9
36 5 0
36 6 0
36 7 0
36 8 0
36 9 0
36 10 6
37 1 9
37 2 9
37 3 7
37 4 8
37 5 7
37 6 8
37 7 0
37 8 6
37 9 0
37 10 8
38 1 9
38 2 8
38 3 6
38 4 0
38 5 7
38 6 9
38 7 9
38 8 9
38 9 7
38 10 0
39 1 7
39 2 9
39 3 8
39 4 0
39 5 8
39 6 8
39 7 9
39 8 7
39 9 6
39 10 7
40 1 8
40 2 0
40 3 8
40 4 7
40 5 7
40 6 0
40 7 7
40 8 7
40 9 0
40 10 9
41 1 6
41 2 0
41 3 6
41 4 0
41 5 0
41 6 8
41 7 6
41 8 8
41 9 8
41 10 8
42 1 0
42 2 0
42 3 0
42 4 9
42 5 8
42 6 9
42 7 8
42 8 8
42 9 0
42 10 9
43 1 7
43 2 0
43 3 8
43 4 6
43 5 0
43 6 7
43 7 7
43 8 0
43 9 6
43 10 8
44 1 6
44 2 7
44 3 8
44 4 6
44 5 9
44 6 8
44 7 7
44 8 9
44 9 0
44 10 6
45 1 0
45 2 8
45 3 0
45 4 9
45 5 9
45 6 9
45 7 8
45 8 0
45 9 0
45 10 0
46 1 0
46 2 0
46 3 7
46 4 7
46 5 0
46 6 7
46 7 0
46 8 8
46 9 0
46 10 0
47 1 0
47 2 7
47 3 0
47 4 8
47 5 8
47 6 0
47 7 8
47 8 7
47 9 8
47 10 0
48 1 0
48 2 6
48 3 7
48 4 8
48 5 7
48 6 6
48 7 0
48 8 7
48 9 9
48 10 0
49 1 8
49 2 0
49 3 8
49 4 7
49 5 9
49 6 8
49 7 7
49 8 7
49 9 8
49 10 6
50 1 0
50 2 9
50 3 7
50 4 6
50 5 7
50 6 0
50 7 0
50 8 0
50 9 0
50 10 6
51 1 8
51 2 0
51 3 6
51 4 0
51 5 6
51 6 0
51 7 0
51 8 7
51 9 0
51 10 8
52 1 6
52 2 0
52 3 0
52 4 9
52 5 9
52 6 8
52 7 0
52 8 0
52 9 0
52 10 0
53 1 9
53 2 7
53 3 8
53 4 9
53 5 6
53 6 0
53 7 0
53 8 7
53 9 7
53 10 8
54 1 0
54 2 8
54 3 9
54 4 7
54 5 0
54 6 7
54 7 7
54 8 9
54 9 0
54 10 9
55 1 0
55 2 0
55 3 8
55 4 8
55 5 0
55 6 7
55 7 6
55 8 0
55 9 6
55 10 7
56 1 8
56 2 6
56 3 8
56 4 0
56 5 8
56 6 7
56 7 0
56 8 8
56 9 8
56 10 7
57 1 8
57 2 9
57 3 8
57 4 8
57 5 0
57 6 8
57 7 6
57 8 9
57 9 6
57 10 0
58 1 9
58 2 7
58 3 0
58 4 9
58 5 0
58 6 8
58 7 7
58 8 6
58 9 7
58 10 9
59 1 7
59 2 9
59 3 0
59 4 0
59 5 0
59 6 6
59 7 6
59 8 9
59 9 7
59 10 6
60 1 8
60 2 9
60 3 8
60 4 6
60 5 0
60 6 6
60 7 8
60 8 8
60 9 0
60 10 9
61 1 0
61 2 8
61 3 7
61 4 7
61 5 9
61 6 0
61 7 0
61 8 0
61 9 8
61 10 6
62 1 7
62 2 7
62 3 0
62 4 9
62 5 0
62 6 8
62 7 6
62 8 6
62 9 9
62 10 6
63 1 0
63 2 7
63 3 9
63 4 0
63 5 0
63 6 0
63 7 6
63 8 0
63 9 7
63 10 0
64 1 9
64 2 6
64 3 9
64 4 9
64 5 0
64 6 0
64 7 7
64 8 7
64 9 6
64 10 0
65 1 7
65 2 0
65 3 8
65 4 6
65 5 9
65 6 0
65 7 9
65 8 6
65 9 0
65 10 0
66 1 0
66 2 6
66 3 6
66 4 9
66 5 9
66 6 0
66 7 7
66 8 7
66 9 9
66 10 8
67 1 0
67 2 0
67 3 8
67 4 0
67 5 6
67 6 0
67 7 8
67 8 0
67 9 0
67 10 8
68 1 7
68 2 7
68 3 9
68 4 9
68 5 8
68 6 0
68 7 0
68 8 0
68 9 0
68 10 6
69 1 7
69 2 0
69 3 9
69 4 7
69 5 0
69 6 9
69 7 6
69 8 7
69 9 9
69 10 6
70 1 0
70 2 7
70 3 0
70 4 0
70 5 7
70 6 6
70 7 8
70 8 0
70 9 0
70 10 9
71 1 0
71 2 0
71 3 0
71 4 0
71 5 8
71 6 0
71 7 8
71 8 0
71 9 7
71 10 8
72 1 8
72 2 8
72 3 0
72 4 7
72 5 6
72 6 0
72 7 8
72 8 7
72 9 8
72 10 7
73 1 0
73 2 0
73 3 0
73 4 7
73 5 0
73 6 8
73 7 9
73 8 8
73 9 8
73 10 7
74 1 9
74 2 0
74 3 9
74 4 6
74 5 9
74 6 0
74 7 8
74 8 0
74 9 0
74 10 7
75 1 0
75 2 9
75 3 7
75 4 7
75 5 6
75 6 8
75 7 8
75 8 0
75 9 0
75 10 9
76 1 7
76 2 6
76 3 9
76 4 7
76 5 8
76 6 0
76 7 0
76 8 0
76 9 0
76 10 7
77 1 0
77 2 9
77 3 8
77 4 0
77 5 8
77 6 7
77 7 8
77 8 8
77 9 9
77 10 7
78 1 0
78 2 0
78 3 0
78 4 8
78 5 0
78 6 8
78 7 0
78 8 0
78 9 8
78 10 0
79 1 9
79 2 6
79 3 0
79 4 0
79 5 7
79 6 0
79 7 0
79 8 0
79 9 9
79 10 0
80 1 8
80 2 0
80 3 6
80 4 9
80 5 8
80 6 0
80 7 9
80 8 9
80 9 0
80 10 0
81 1 0
81 2 0
81 3 8
81 4 8
81 5 8
81 6 9
81 7 8
81 8 8
81 9 7
81 10 6
82 1 0
82 2 0
82 3 6
82 4 8
82 5 0
82 6 8
82 7 9
82 8 0
82 9 0
82 10 7
83 1 0
83 2 6
83 3 0
83 4 0
83 5 0
83 6 8
83 7 6
83 8 7
83 9 0
83 10 0
84 1 9
84 2 8
84 3 7
84 4 9
84 5 0
84 6 0
84 7 0
84 8 7
84 9 0
84 10 7
85 1 0
85 2 9
85 3 0
85 4 6
85 5 6
85 6 0
85 7 0
85 8 9
85 9 7
85 10 0
86 1 8
86 2 6
86 3 0
86 4 0
86 5 6
86 6 0
86 7 0
86 8 0
86 9 0
86 10 7
87 1 6
87 2 0
87 3 0
87 4 7
87 5 9
87 6 0
87 7 0
87 8 0
87 9 8
87 10 0
88 1 9
88 2 7
88 3 0
88 4 6
88 5 8
88 6 8
88 7 0
88 8 8
88 9 9
88 10 7
89 1 8
89 2 8
89 3 0
89 4 0
89 5 0
89 6 0
89 7 0
89 8 8
89 9 0
89 10 8
90 1 8
90 2 0
90 3 0
90 4 7
90 5 8
90 6 9
90 7 6
90 8 0
90 9 7
90 10 6
91 1 9
91 2 0
91 3 6
91 4 0
91 5 7
91 6 0
91 7 8
91 8 9
91 9 8
91 10 8
92 1 0
92 2 8
92 3 6
92 4 7
92 5 9
92 6 8
92 7 7
92 8 8
92 9 9
92 10 0
93 1 7
93 2 8
93 3 0
93 4 9
93 5 6
93 6 8
93 7 0
93 8 6
93 9 0
93 10 0
94 1 7
94 2 0
94 3 6
94 4 0
94 5 8
94 6 8
94 7 7
94 8 0
94 9 9
94 10 6
95 1 8
95 2 6
95 3 8
95 4 8
95 5 0
95 6 0
95 7 7
95 8 6
95 9 9
95 10 0
96 1 0
96 2 0
96 3 6
96 4 0
96 5 0
96 6 6
96 7 0
96 8 0
96 9 7
96 10 9
97 1 7
97 2 7
97 3 0
97 4 7
97 5 8
97 6 0
97 7 6
97 8 9
97 9 0
97 10 0
98 1 6
98 2 6
98 3 8
98 4 0
98 5 9
98 6 8
98 7 8
98 8 0
98 9 0
98 10 9
99 1 0
99 2 0
99 3 9
99 4 8
99 5 9
99 6 8
99 7 0
99 8 0
99 9 0
99 10 9
100 1 0
100 2 0
100 3 9
100 4 8
100 5 9
100 6 0
100 7 0
100 8 0
100 9 8
100 10 7
101 1 9
101 2 8
101 3 9
101 4 9
101 5 0
101 6 9
101 7 9
101 8 0
101 9 0
101 10 6
102 1 9
102 2 0
102 3 7
102 4 7
102 5 0
102 6 6
102 7 9
102 8 9
102 9 7
102 10 8
103 1 8
103 2 0
103 3 8
103 4 8
103 5 9
103 6 0
103 7 0
103 8 6
103 9 8
103 10 6
104 1 0
104 2 0
104 3 9
104 4 0
104 5 7
104 6 7
104 7 8
104 8 6
104 9 6
104 10 0
105 1 8
105 2 6
105 3 0
105 4 7
105 5 0
105 6 0
105 7 0
105 8 9
105 9 9
105 10 7
106 1 0
106 2 0
106 3 9
106 4 0
106 5 7
106 6 7
106 7 7
106 8 9
106 9 7
106 10 7
107 1 9
107 2 0
107 3 6
107 4 0
107 5 6
107 6 8
107 7 0
107 8 7
107 9 7
107 10 0
108 1 0
108 2 6
108 3 8
108 4 0
108 5 6
108 6 0
108 7 9
108 8 0
108 9 0
108 10 0
109 1 8
109 2 8
109 3 0
109 4 0
109 5 0
109 6 7
109 7 0
109 8 6
109 9 8
109 10 7
110 1 0
110 2 0
110 3 7
110 4 9
110 5 0
110 6 9
110 7 9
110 8 7
110 9 0
110 10 0
111 1 9
111 2 0
111 3 0
111 4 7
111 5 0
111 6 9
111 7 0
111 8 7
111 9 9
111 10 9
112 1 7
112 2 7
112 3 9
112 4 6
112 5 0
112 6 6
112 7 9
112 8 0
112 9 9
112 10 7
113 1 9
113 2 6
113 3 6
113 4 6
113 5 8
113 6 0
113 7 8
113 8 9
113 9 0
113 10 0
114 1 0
114 2 7
114 3 0
114 4 8
114 5 0
114 6 0
114 7 9
114 8 0
114 9 0
114 10 8
115 1 0
115 2 0
115 3 0
115 4 7
115 5 8
115 6 0
115 7 0
115 8 0
115 9 9
115 10 9
116 1 7
116 2 7
116 3 6
116 4 6
116 5 6
116 6 8
116 7 7
116 8 7
116 9 6
116 10 7
117 1 7
117 2 7
117 3 0
117 4 9
117 5 0
117 6 0
117 7 8
117 8 9
117 9 0
117 10 8
118 1 7
118 2 0
118 3 7
118 4 0
118 5 7
118 6 9
118 7 6
118 8 0
118 9 6
118 10 9
119 1 7
119 2 8
119 3 8
119 4 9
119 5 6
119 6 8
119 7 9
119 8 9
119 9 8
119 10 9
120 1 0
120 2 0
120 3 8
120 4 9
120 5 0
120 6 7
120 7 0
120 8 6
120 9 0
120 10 0
121 1 8
121 2 6
121 3 9
121 4 8
121 5 0
121 6 9
121 7 8
121 8 8
121 9 8
121 10 0
122 1 9
122 2 9
122 3 6
122 4 9
122 5 0
122 6 7
122 7 9
122 8 0
122 9 7
122 10 7
123 1 9
123 2 8
123 3 7
123 4 9
123 5 7
123 6 6
123 7 0
123 8 0
123 9 9
123 10 8
124 1 8
124 2 6
124 3 0
124 4 6
124 5 0
124 6 8
124 7 0
124 8 8
124 9 8
124 10 6
125 1 7
125 2 7
125 3 9
125 4 0
125 5 6
125 6 8
125 7 7
125 8 0
125 9 0
125 10 0
126 1 7
126 2 8
126 3 9
126 4 9
126 5 6
126 6 0
126 7 0
126 8 0
126 9 9
126 10 0
127 1 7
127 2 9
127 3 6
127 4 8
127 5 0
127 6 7
127 7 0
127 8 0
127 9 0
127 10 8
128 1 7
128 2 7
128 3 0
128 4 0
128 5 0
128 6 7
128 7 0
128 8 0
128 9 9
128 10 7
129 1 7
129 2 7
129 3 6
129 4 0
129 5 9
129 6 7
129 7 0
129 8 9
129 9 0
129 10 9
130 1 0
130 2 7
130 3 6
130 4 0
130 5 0
130 6 0
130 7 6
130 8 9
130 9 8
130 10 7
131 1 8
131 2 6
131 3 9
131 4 0
131 5 0
131 6 7
131 7 8
131 8 0
131 9 0
131 10 9
132 1 7
132 2 9
132 3 0
132 4 8
132 5 6
132 6 7
132 7 0
132 8 6
132 9 7
132 10 7
133 1 0
133 2 0
133 3 9
133 4 7
133 5 8
133 6 6
133 7 8
133 8 8
133 9 0
133 10 0
134 1 7
134 2 7
134 3 9
134 4 9
134 5 7
134 6 0
134 7 7
134 8 8
134 9 6
134 10 7
135 1 7
135 2 9
135 3 0
135 4 9
135 5 8
135 6 8
135 7 9
135 8 8
135 9 8
135 10 0
136 1 7
136 2 9
136 3 9
136 4 9
136 5 0
136 6 0
136 7 9
136 8 9
136 9 6
136 10 9
137 1 0
137 2 6
137 3 7
137 4 8
137 5 7
137 6 0
137 7 0
137 8 0
137 9 0
137 10 8
138 1 8
138 2 0
138 3 9
138 4 8
138 5 9
138 6 9
138 7 7
138 8 0
138 9 0
138 10 7
139 1 0
139 2 9
139 3 8
139 4 7
139 5 6
139 6 6
139 7 0
139 8 7
139 9 6
139 10 8
140 1 0
140 2 7
140 3 0
140 4 6
140 5 7
140 6 7
140 7 7
140 8 9
140 9 0
140 10 8
141 1 0
141 2 7
141 3 6
141 4 7
141 5 8
141 6 8
141 7 0
141 8 7
141 9 9
141 10 7
142 1 6
142 2 0
142 3 0
142 4 7
142 5 0
142 6 7
142 7 8
142 8 7
142 9 8
142 10 0
143 1 9
143 2 0
143 3 0
143 4 8
143 5 7
143 6 9
143 7 8
143 8 0
143 9 6
143 10 8
144 1 9
144 2 9
144 3 0
144 4 0
144 5 7
144 6 7
144 7 0
144 8 0
144 9 8
144 10 0
145 1 8
145 2 7
145 3 7
145 4 0
145 5 0
145 6 0
145 7 0
145 8 0
145 9 8
145 10 0
146 1 0
146 2 9
146 3 8
146 4 0
146 5 9
146 6 9
146 7 7
146 8 8
146 9 7
146 10 7
147 1 9
147 2 7
147 3 7
147 4 0
147 5 6
147 6 0
147 7 8
147 8 0
147 9 9
147 10 6
148 1 9
148 2 7
148 3 7
148 4 7
148 5 0
148 6 9
148 7 0
148 8 9
148 9 0
148 10 8
149 1 9
149 2 9
149 3 7
149 4 7
149 5 8
149 6 9
149 7 0
149 8 7
149 9 0
149 10 0
150 1 0
150 2 8
150 3 0
150 4 7
150 5 7
150 6 8
150 7 8
150 8 0
150 9 6
150 10 8
151 1 8
151 2 8
151 3 0
151 4 8
151 5 7
151 6 6
151 7 6
151 8 0
151 9 0
151 10 0
152 1 9
152 2 8
152 3 7
152 4 7
152 5 8
152 6 7
152 7 8
152 8 8
152 9 9
152 10 0
153 1 6
153 2 6
153 3 0
153 4 6
153 5 9
153 6 0
153 7 6
153 8 9
153 9 6
153 10 0
154 1 0
154 2 6
154 3 9
154 4 0
154 5 8
154 6 6
154 7 6
154 8 9
154 9 0
154 10 7
155 1 9
155 2 6
155 3 6
155 4 0
155 5 8
155 6 0
155 7 0
155 8 9
155 9 0
155 10 0
156 1 0
156 2 8
156 3 8
156 4 7
156 5 0
156 6 0
156 7 7
156 8 9
156 9 9
156 10 7
157 1 6
157 2 0
157 3 9
157 4 0
157 5 7
157 6 0
157 7 0
157 8 0
157 9 8
157 10 0
158 1 0
158 2 6
158 3 0
158 4 0
158 5 0
158 6 9
158 7 9
158 8 6
158 9 8
158 10 9
159 1 0
159 2 0
159 3 0
159 4 9
159 5 9
159 6 6
159 7 8
159 8 9
159 9 8
159 10 6
160 1 9
160 2 0
160 3 0
160 4 7
160 5 8
160 6 9
160 7 8
160 8 0
160 9 0
160 10 6
161 1 0
161 2 0
161 3 8
161 4 7
161 5 0
161 6 7
161 7 8
161 8 9
161 9 7
161 10 9
162 1 9
162 2 0
162 3 8
162 4 8
162 5 0
162 6 8
162 7 8
162 8 8
162 9 0
162 10 8
163 1 6
163 2 0
163 3 9
163 4 0
163 5 0
163 6 9
163 7 6
163 8 0
163 9 9
163 10 7
164 1 6
164 2 0
164 3 7
164 4 0
164 5 8
164 6 7
164 7 7
164 8 7
164 9 7
164 10 0
165 1 9
165 2 0
165 3 0
165 4 7
165 5 0
165 6 7
165 7 0
165 8 6
165 9 7
165 10 0
166 1 8
166 2 8
166 3 0
166 4 0
166 5 8
166 6 6
166 7 9
166 8 0
166 9 0
166 10 8
167 1 0
167 2 6
167 3 7
167 4 8
167 5 0
167 6 7
167 7 8
167 8 7
167 9 8
167 10 0
168 1 9
168 2 9
168 3 9
168 4 6
168 5 0
168 6 9
168 7 0
168 8 0
168 9 8
168 10 7
169 1 0
169 2 8
169 3 0
169 4 0
169 5 8
169 6 8
169 7 9
169 8 0
169 9 6
169 10 8
170 1 6
170 2 8
170 3 9
170 4 0
170 5 9
170 6 0
170 7 0
170 8 7
170 9 0
170 10 0
171 1 0
171 2 9
171 3 0
171 4 0
171 5 0
171 6 0
171 7 9
171 8 9
171 9 9
171 10 0
172 1 9
172 2 7
172 3 0
172 4 8
172 5 0
172 6 7
172 7 8
172 8 7
172 9 9
172 10 0
173 1 8
173 2 0
173 3 0
173 4 8
173 5 7
173 6 8
173 7 0
173 8 0
173 9 0
173 10 0
174 1 0
174 2 0
174 3 9
174 4 7
174 5 0
174 6 9
174 7 8
174 8 6
174 9 0
174 10 0
175 1 9
175 2 8
175 3 0
175 4 7
175 5 8
175 6 9
175 7 7
175 8 7
175 9 9
175 10 6
176 1 8
176 2 8
176 3 6
176 4 6
176 5 0
176 6 8
176 7 7
176 8 9
176 9 0
176 10 7
177 1 0
177 2 8
177 3 0
177 4 9
177 5 0
177 6 8
177 7 6
177 8 0
177 9 6
177 10 8
178 1 9
178 2 8
178 3 7
178 4 8
178 5 6
178 6 7
178 7 0
178 8 9
178 9 0
178 10 8
179 1 6
179 2 9
179 3 9
179 4 9
179 5 7
179 6 7
179 7 7
179 8 9
179 9 7
179 10 0
180 1 9
180 2 9
180 3 7
180 4 8
180 5 8
180 6 6
180 7 7
180 8 7
180 9 7
180 10 0
181 1 0
181 2 9
181 3 7
181 4 0
181 5 0
181 6 0
181 7 7
181 8 7
181 9 8
181 10 0
182 1 8
182 2 6
182 3 8
182 4 8
182 5 0
182 6 0
182 7 9
182 8 6
182 9 0
182 10 0
183 1 7
183 2 6
183 3 7
183 4 7
183 5 7
183 6 0
183 7 8
183 8 7
183 9 0
183 10 8
184 1 7
184 2 0
184 3 8
184 4 9
184 5 9
184 6 9
184 7 6
184 8 6
184 9 0
184 10 9
185 1 7
185 2 6
185 3 6
185 4 7
185 5 0
185 6 0
185 7 0
185 8 0
185 9 8
185 10 6
186 1 0
186 2 0
186 3 8
186 4 0
186 5 9
186 6 7
186 7 7
186 8 0
186 9 7
186 10 7
187 1 0
187 2 8
187 3 7
187 4 9
187 5 8
187 6 6
187 7 8
187 8 0
187 9 8
187 10 8
188 1 7
188 2 0
188 3 7
188 4 0
188 5 0
188 6 8
188 7 8
188 8 8
188 9 9
188 10 0
189 1 0
189 2 6
189 3 9
189 4 0
189 5 8
189 6 7
189 7 0
189 8 0
189 9 0
189 10 8
190 1 9
190 2 9
190 3 0
190 4 0
190 5 8
190 6 0
190 7 0
190 8 9
190 9 7
190 10 0
191 1 0
191 2 0
191 3 8
191 4 0
191 5 7
191 6 8
191 7 7
191 8 6
191 9 9
191 10 0
192 1 7
192 2 7
192 3 6
192 4 7
192 5 0
192 6 7
192 7 6
192 8 0
192 9 9
192 10 0
193 1 0
193 2 6
193 3 0
193 4 6
193 5 8
193 6 7
193 7 7
193 8 0
193 9 9
193 10 7
194 1 7
194 2 8
194 3 7
194 4 6
194 5 0
194 6 9
194 7 8
194 8 7
194 9 0
194 10 0
195 1 7
195 2 0
195 3 9
195 4 9
195 5 0
195 6 9
195 7 6
195 8 6
195 9 0
195 10 8
196 1 0
196 2 7
196 3 0
196 4 9
196 5 0
196 6 0
196 7 0
196 8 8
196 9 9
196 10 9
197 1 9
197 2 0
197 3 9
197 4 0
197 5 0
197 6 7
197 7 0
197 8 8
197 9 7
197 10 6
198 1 6
198 2 7
198 3 7
198 4 9
198 5 8
198 6 6
198 7 7
198 8 0
198 9 9
198 10 7
199 1 0
199 2 8
199 3 0
199 4 7
199 5 9
199 6 9
199 7 7
199 8 0
199 9 7
199 10 7
200 1 6
200 2 0
200 3 7
200 4 8
200 5 0
200 6 0
200 7 0
200 8 8
200 9 0
200 10 8
201 1 9
201 2 0
201 3 8
201 4 0
201 5 9
201 6 8
201 7 7
201 8 7
201 9 8
201 10 7
202 1 6
202 2 8
202 3 8
202 4 9
202 5 0
202 6 7
202 7 0
202 8 0
202 9 8
202 10 7
203 1 8
203 2 0
203 3 0
203 4 8
203 5 9
203 6 9
203 7 0
203 8 9
203 9 8
203 10 8
204 1 8
204 2 6
204 3 9
204 4 7
204 5 9
204 6 0
204 7 0
204 8 6
204 9 0
204 10 0
205 1 0
205 2 0
205 3 8
205 4 0
205 5 0
205 6 0
205 7 9
205 8 7
205 9 9
205 10 9
206 1 6
206 2 0
206 3 7
206 4 8
206 5 0
206 6 7
206 7 0
206 8 7
206 9 8
206 10 9
207 1 0
207 2 0
207 3 9
207 4 9
207 5 7
207 6 0
207 7 9
207 8 0
207 9 0
207 10 0
208 1 0
208 2 9
208 3 0
208 4 7
208 5 9
208 6 9
208 7 8
208 8 8
208 9 7
208 10 0
209 1 9
209 2 7
209 3 0
209 4 0
209 5 7
209 6 0
209 7 9
209 8 0
209 9 9
209 10 7
210 1 8
210 2 0
210 3 0
210 4 9
210 5 6
210 6 9
210 7 8
210 8 6
210 9 6
210 10 9
211 1 8
211 2 8
211 3 7
211 4 7
211 5 8
211 6 6
211 7 0
211 8 0
211 9 9
211 10 0
212 1 6
212 2 9
212 3 6
212 4 9
212 5 0
212 6 7
212 7 0
212 8 8
212 9 7
212 10 0
213 1 0
213 2 9
213 3 9
213 4 0
213 5 0
213 6 7
213 7 0
213 8 7
213 9 0
213 10 8
214 1 0
214 2 6
214 3 8
214 4 8
214 5 7
214 6 6
214 7 7
214 8 7
214 9 7
214 10 8
215 1 6
215 2 0
215 3 0
215 4 0
215 5 9
215 6 0
215 7 9
215 8 7
215 9 8
215 10 0
216 1 9
216 2 6
216 3 6
216 4 0
216 5 6
216 6 8
216 7 0
216 8 9
216 9 7
216 10 0
217 1 7
217 2 8
217 3 6
217 4 7
217 5 9
217 6 6
217 7 9
217 8 9
217 9 8
217 10 8
218 1 9
218 2 9
218 3 0
218 4 0
218 5 6
218 6 0
218 7 0
218 8 0
218 9 9
218 10 0
219 1 6
219 2 7
219 3 8
219 4 8
219 5 0
219 6 0
219 7 7
219 8 0
219 9 0
219 10 9
220 1 0
220 2 0
220 3 0
220 4 8
220 5 0
220 6 0
220 7 0
220 8 8
220 9 0
220 10 6
221 1 9
221 2 6
221 3 0
221 4 0
221 5 0
221 6 8
221 7 0
221 8 7
221 9 0
221 10 0
222 1 6
222 2 6
222 3 7
222 4 9
222 5 8
222 6 6
222 7 8
222 8 6
222 9 6
222 10 6
223 1 8
223 2 8
223 3 9
223 4 6
223 5 7
223 6 8
223 7 7
223 8 6
223 9 0
223 10 7
224 1 0
224 2 7
224 3 8
224 4 9
224 5 0
224 6 0
224 7 8
224 8 6
224 9 7
224 10 9
225 1 0
225 2 9
225 3 6
225 4 0
225 5 7
225 6 7
225 7 8
225 8 0
225 9 9
225 10 0
226 1 9
226 2 6
226 3 0
226 4 0
226 5 0
226 6 8
226 7 0
226 8 7
226 9 9
226 10 8
227 1 0
227 2 0
227 3 8
227 4 0
227 5 8
227 6 7
227 7 9
227 8 6
227 9 9
227 10 0
228 1 0
228 2 0
228 3 0
228 4 0
228 5 6
228 6 9
228 7 9
228 8 0
228 9 0
228 10 6
229 1 0
229 2 9
229 3 6
229 4 0
229 5 0
229 6 7
229 7 9
229 8 8
229 9 0
229 10 0
230 1 8
230 2 6
230 3 8
230 4 0
230 5 9
230 6 9
230 7 8
230 8 0
230 9 7
230 10 8
231 1 0
231 2 8
231 3 0
231 4 0
231 5 6
231 6 9
231 7 0
231 8 7
231 9 0
231 10 7
232 1 9
232 2 0
232 3 0
232 4 8
232 5 7
232 6 8
232 7 8
232 8 0
232 9 0
232 10 8
233 1 0
233 2 0
233 3 9
233 4 0
233 5 9
233 6 7
233 7 8
233 8 6
233 9 9
233 10 0
234 1 9
234 2 8
234 3 6
234 4 8
234 5 6
234 6 6
234 7 9
234 8 7
234 9 0
234 10 0
235 1 6
235 2 0
235 3 0
235 4 9
235 5 8
235 6 0
235 7 8
235 8 0
235 9 8
235 10 6
236 1 7
236 2 6
236 3 6
236 4 0
236 5 7
236 6 8
236 7 6
236 8 7
236 9 0
236 10 0
237 1 7
237 2 7
237 3 8
237 4 6
237 5 9
237 6 7
237 7 0
237 8 6
237 9 8
237 10 6
238 1 0
238 2 8
238 3 0
238 4 0
238 5 0
238 6 0
238 7 7
238 8 6
238 9 0
238 10 9
239 1 7
239 2 9
239 3 0
239 4 7
239 5 0
239 6 9
239 7 8
239 8 8
239 9 7
239 10 0
240 1 6
240 2 7
240 3 7
240 4 0
240 5 0
240 6 7
240 7 0
240 8 0
240 9 9
240 10 8
241 1 8
241 2 8
241 3 0
241 4 0
241 5 0
241 6 0
241 7 0
241 8 7
241 9 6
241 10 8
242 1 7
242 2 8
242 3 0
242 4 6
242 5 0
242 6 0
242 7 0
242 8 7
242 9 0
242 10 8
243 1 0
243 2 0
243 3 0
243 4 0
243 5 0
243 6 0
243 7 9
243 8 0
243 9 0
243 10 8
244 1 0
244 2 0
244 3 7
244 4 0
244 5 9
244 6 9
244 7 6
244 8 6
244 9 0
244 10 8
245 1 7
245 2 7
245 3 0
245 4 8
245 5 0
245 6 7
245 7 0
245 8 8
245 9 7
245 10 8
246 1 7
246 2 6
246 3 0
246 4 9
246 5 9
246 6 9
246 7 0
246 8 8
246 9 8
246 10 0
247 1 7
247 2 7
247 3 6
247 4 9
247 5 6
247 6 0
247 7 9
247 8 9
247 9 8
247 10 0
248 1 0
248 2 8
248 3 9
248 4 9
248 5 0
248 6 0
248 7 0
248 8 0
248 9 8
248 10 6
249 1 0
249 2 9
249 3 6
249 4 7
249 5 7
249 6 0
249 7 0
249 8 7
249 9 0
249 10 8
250 1 0
250 2 8
250 3 0
250 4 0
250 5 0
250 6 9
250 7 8
250 8 8
250 9 8
250 10 0
251 1 0
251 2 9
251 3 0
251 4 8
251 5 0
251 6 0
251 7 8
251 8 7
251 9 9
251 10 0
252 1 9
252 2 8
252 3 7
252 4 9
252 5 0
252 6 9
252 7 9
252 8 7
252 9 0
252 10 0
253 1 7
253 2 0
253 3 0
253 4 0
253 5 6
253 6 0
253 7 0
253 8 8
253 9 0
253 10 8
254 1 9
254 2 8
254 3 8
254 4 6
254 5 7
254 6 0
254 7 9
254 8 6
254 9 7
254 10 7
255 1 0
255 2 9
255 3 0
255 4 0
255 5 7
255 6 6
255 7 0
255 8 7
255 9 8
255 10 7
256 1 0
256 2 9
256 3 7
256 4 8
256 5 6
256 6 0
256 7 0
256 8 6
256 9 9
256 10 9
257 1 0
257 2 0
257 3 0
257 4 8
257 5 0
257 6 7
257 7 0
257 8 9
257 9 0
257 10 0
258 1 9
258 2 7
258 3 9
258 4 8
258 5 0
258 6 9
258 7 0
258 8 9
258 9 6
258 10 0
259 1 6
259 2 8
259 3 9
259 4 0
259 5 6
259 6 0
259 7 9
259 8 6
259 9 8
259 10 6
260 1 9
260 2 7
260 3 7
260 4 6
260 5 6
260 6 6
260 7 0
260 8 0
260 9 0
260 10 7
261 1 0
261 2 0
261 3 7
261 4 8
261 5 8
261 6 0
261 7 0
261 8 0
261 9 0
261 10 0
262 1 7
262 2 8
262 3 7
262 4 0
262 5 0
262 6 6
262 7 8
262 8 7
262 9 9
262 10 7
263 1 0
263 2 9
263 3 0
263 4 0
263 5 7
263 6 8
263 7 0
263 8 7
263 9 9
263 10 7
264 1 8
264 2 0
264 3 6
264 4 0
264 5 8
264 6 7
264 7 0
264 8 0
264 9 0
264 10 0
265 1 0
265 2 0
265 3 8
265 4 6
265 5 6
265 6 6
265 7 7
265 8 8
265 9 0
265 10 6
266 1 8
266 2 0
266 3 0
266 4 9
266 5 9
266 6 0
266 7 7
266 8 9
266 9 0
266 10 0
267 1 7
267 2 9
267 3 6
267 4 8
267 5 9
267 6 8
267 7 0
267 8 8
267 9 9
267 10 7
268 1 0
268 2 7
268 3 7
268 4 9
268 5 9
268 6 7
268 7 0
268 8 6
268 9 0
268 10 0
269 1 0
269 2 0
269 3 6
269 4 0
269 5 0
269 6 0
269 7 6
269 8 8
269 9 0
269 10 7
270 1 0
270 2 0
270 3 0
270 4 7
270 5 0
270 6 7
270 7 0
270 8 7
270 9 8
270 10 0
271 1 0
271 2 0
271 3 0
271 4 6
271 5 6
271 6 0
271 7 8
271 8 9
271 9 7
271 10 7
272 1 8
272 2 0
272 3 0
272 4 9
272 5 0
272 6 0
272 7 8
272 8 8
272 9 9
272 10 0
273 1 9
273 2 8
273 3 0
273 4 6
273 5 7
273 6 8
273 7 7
273 8 9
273 9 8
273 10 0
274 1 0
274 2 9
274 3 8
274 4 0
274 5 0
274 6 6
274 7 9
274 8 7
274 9 0
274 10 0
275 1 6
275 2 9
275 3 9
275 4 8
275 5 9
275 6 7
275 7 0
275 8 7
275 9 7
275 10 0
276 1 9
276 2 6
276 3 9
276 4 8
276 5 9
276 6 8
276 7 0
276 8 0
276 9 6
276 10 9
277 1 0
277 2 8
277 3 6
277 4 8
277 5 7
277 6 0
277 7 0
277 8 8
277 9 8
277 10 0
278 1 8
278 2 8
278 3 7
278 4 6
278 5 0
278 6 7
278 7 8
278 8 8
278 9 0
278 10 8
279 1 7
279 2 0
279 3 7
279 4 6
279 5 8
279 6 0
279 7 8
279 8 8
279 9 0
279 10 6
280 1 0
280 2 7
280 3 6
280 4 0
280 5 0
280 6 9
280 7 9
280 8 0
280 9 9
280 10 8
281 1 9
281 2 0
281 3 8
281 4 7
281 5 0
281 6 9
281 7 8
281 8 7
281 9 6
281 10 0
282 1 9
282 2 6
282 3 6
282 4 0
282 5 0
282 6 6
282 7 6
282 8 7
282 9 9
282 10 0
283 1 8
283 2 0
283 3 0
283 4 7
283 5 9
283 6 7
283 7 6
283 8 9
283 9 0
283 10 6
284 1 7
284 2 8
284 3 8
284 4 7
284 5 6
284 6 0
284 7 8
284 8 9
284 9 7
284 10 6
285 1 0
285 2 9
285 3 0
285 4 6
285 5 8
285 6 7
285 7 0
285 8 9
285 9 0
285 10 0
286 1 8
286 2 7
286 3 0
286 4 6
286 5 9
286 6 8
286 7 9
286 8 9
286 9 7
286 10 7
287 1 0
287 2 7
287 3 0
287 4 9
287 5 0
287 6 0
287 7 0
287 8 9
287 9 0
287 10 0
288 1 8
288 2 9
288 3 7
288 4 6
288 5 0
288 6 0
288 7 6
288 8 9
288 9 0
288 10 0
289 1 6
289 2 9
289 3 9
289 4 0
289 5 8
289 6 7
289 7 8
289 8 0
289 9 8
289 10 9
290 1 7
290 2 7
290 3 6
290 4 8
290 5 8
290 6 8
290 7 8
290 8 8
290 9 9
290 10 6
291 1 9
291 2 9
291 3 0
291 4 7
291 5 0
291 6 6
291 7 0
291 8 7
291 9 8
291 10 9
292 1 0
292 2 9
292 3 0
292 4 0
292 5 7
292 6 7
292 7 8
292 8 0
292 9 8
292 10 0
293 1 8
293 2 8
293 3 8
293 4 8
293 5 8
293 6 8
293 7 0
293 8 0
293 9 8
293 10 0
294 1 0
294 2 0
294 3 9
294 4 8
294 5 8
294 6 0
294 7 9
294 8 0
294 9 9
294 10 0
295 1 7
295 2 0
295 3 9
295 4 7
295 5 8
295 6 7
295 7 7
295 8 8
295 9 0
295 10 0
296 1 6
296 2 9
296 3 7
296 4 7
296 5 7
296 6 6
296 7 6
296 8 0
296 9 9
296 10 0
297 1 0
297 2 0
297 3 8
297 4 8
297 5 0
297 6 0
297 7 6
297 8 8
297 9 8
297 10 0
298 1 8
298 2 0
298 3 8
298 4 0
298 5 0
298 6 6
298 7 9
298 8 0
298 9 0
298 10 0
299 1 7
299 2 9
299 3 0
299 4 7
299 5 9
299 6 7
299 7 6
299 8 7
299 9 7
299 10 9
300 1 7
300 2 7
300 3 0
300 4 6
300 5 0
300 6 0
300 7 0
300 8 7
300 9 9
300 10 7
301 1 7
301 2 0
301 3 6
301 4 8
301 5 7
301 6 0
301 7 8
301 8 0
301 9 7
301 10 0
302 1 9
302 2 7
302 3 7
302 4 9
302 5 7
302 6 9
302 7 6
302 8 0
302 9 7
302 10 9
303 1 9
303 2 0
303 3 7
303 4 6
303 5 0
303 6 9
303 7 9
303 8 7
303 9 7
303 10 0
304 1 0
304 2 8
304 3 9
304 4 9
304 5 8
304 6 6
304 7 6
304 8 9
304 9 7
304 10 8
305 1 0
305 2 8
305 3 8
305 4 0
305 5 0
305 6 6
305 7 0
305 8 7
305 9 0
305 10 9
306 1 9
306 2 8
306 3 9
306 4 9
306 5 9
306 6 0
306 7 9
306 8 8
306 9 9
306 10 9
307 1 0
307 2 8
307 3 8
307 4 9
307 5 0
307 6 7
307 7 9
307 8 0
307 9 0
307 10 0
308 1 0
308 2 6
308 3 0
308 4 9
308 5 0
308 6 6
308 7 7
308 8 0
308 9 0
308 10 8
309 1 9
309 2 7
309 3 0
309 4 9
309 5 0
309 6 0
309 7 0
309 8 8
309 9 0
309 10 7
310 1 0
310 2 8
310 3 0
310 4 6
310 5 8
310 6 7
310 7 9
310 8 0
310 9 9
310 10 0
311 1 8
311 2 0
311 3 0
311 4 0
311 5 6
311 6 7
311 7 0
311 8 0
311 9 8
311 10 8
312 1 7
312 2 0
312 3 0
312 4 7
312 5 7
312 6 0
312 7 9
312 8 0
312 9 9
312 10 7
313 1 7
313 2 0
313 3 6
313 4 8
313 5 9
313 6 6
313 7 0
313 8 6
313 9 6
313 10 7
314 1 8
314 2 8
314 3 0
314 4 0
314 5 9
314 6 9
314 7 0
314 8 8
314 9 0
314 10 0
315 1 8
315 2 0
315 3 8
315 4 6
315 5 8
315 6 9
315 7 0
315 8 7
315 9 7
315 10 7
316 1 0
316 2 0
316 3 7
316 4 9
316 5 9
316 6 0
316 7 0
316 8 0
316 9 0
316 10 7
317 1 7
317 2 9
317 3 0
317 4 7
317 5 7
317 6 7
317 7 8
317 8 0
317 9 0
317 10 0
318 1 0
318 2 6
318 3 0
318 4 0
318 5 7
318 6 8
318 7 7
318 8 8
318 9 0
318 10 6
319 1 8
319 2 8
319 3 7
319 4 0
319 5 6
319 6 9
319 7 9
319 8 7
319 9 7
319 10 7
320 1 9
320 2 6
320 3 0
320 4 0
320 5 0
320 6 6
320 7 0
320 8 6
320 9 8
320 10 0
321 1 0
321 2 0
321 3 8
321 4 0
321 5 0
321 6 9
321 7 6
321 8 0
321 9 7
321 10 0
322 1 7
322 2 0
322 3 9
322 4 9
322 5 9
322 6 0
322 7 7
322 8 0
322 9 9
322 10 0
323 1 8
323 2 9
323 3 7
323 4 7
323 5 0
323 6 0
323 7 7
323 8 8
323 9 9
323 10 0
324 1 7
324 2 0
324 3 7
324 4 0
324 5 9
324 6 7
324 7 0
324 8 9
324 9 0
324 10 9
325 1 0
325 2 0
325 3 7
325 4 9
325 5 0
325 6 0
325 7 0
325 8 9
325 9 9
325 10 6
326 1 0
326 2 0
326 3 0
326 4 0
326 5 9
326 6 0
326 7 0
326 8 7
326 9 0
326 10 0
327 1 7
327 2 0
327 3 0
327 4 8
327 5 9
327 6 0
327 7 0
327 8 6
327 9 9
327 10 8
328 1 9
328 2 8
328 3 7
328 4 0
328 5 8
328 6 0
328 7 6
328 8 6
328 9 8
328 10 6
329 1 6
329 2 6
329 3 8
329 4 9
329 5 7
329 6 0
329 7 9
329 8 7
329 9 0
329 10 0
330 1 8
330 2 0
330 3 6
330 4 0
330 5 0
330 6 7
330 7 6
330 8 7
330 9 9
330 10 9
331 1 0
331 2 9
331 3 9
331 4 0
331 5 0
331 6 9
331 7 0
331 8 0
331 9 0
331 10 8
332 1 0
332 2 9
332 3 0
332 4 9
332 5 0
332 6 0
332 7 9
332 8 9
332 9 8
332 10 6
333 1 7
333 2 0
333 3 6
333 4 8
333 5 6
333 6 7
333 7 0
333 8 9
333 9 9
333 10 0
334 1 0
334 2 0
334 3 7
334 4 0
334 5 6
334 6 0
334 7 8
334 8 0
334 9 7
334 10 9
335 1 0
335 2 8
335 3 8
335 4 0
335 5 0
335 6 9
335 7 0
335 8 7
335 9 7
335 10 7
336 1 6
336 2 0
336 3 6
336 4 7
336 5 6
336 6 0
336 7 7
336 8 8
336 9 0
336 10 0
337 1 9
337 2 0
337 3 7
337 4 7
337 5 8
337 6 0
337 7 9
337 8 8
337 9 0
337 10 0
338 1 6
338 2 9
338 3 8
338 4 9
338 5 0
338 6 7
338 7 7
338 8 6
338 9 7
338 10 6
339 1 7
339 2 6
339 3 7
339 4 0
339 5 7
339 6 7
339 7 7
339 8 6
339 9 6
339 10 9
340 1 0
340 2 0
340 3 0
340 4 0
340 5 9
340 6 7
340 7 8
340 8 9
340 9 0
340 10 8
341 1 0
341 2 0
341 3 0
341 4 0
341 5 8
341 6 6
341 7 9
341 8 6
341 9 0
341 10 0
342 1 6
342 2 9
342 3 0
342 4 9
342 5 0
342 6 6
342 7 0
342 8 6
342 9 0
342 10 8
343 1 0
343 2 8
343 3 0
343 4 0
343 5 0
343 6 0
343 7 8
343 8 6
343 9 9
343 10 0
344 1 0
344 2 8
344 3 9
344 4 6
344 5 0
344 6 9
344 7 0
344 8 6
344 9 0
344 10 0
345 1 0
345 2 0
345 3 0
345 4 9
345 5 0
345 6 0
345 7 0
345 8 9
345 9 7
345 10 8
346 1 0
346 2 7
346 3 9
346 4 0
346 5 9
346 6 0
346 7 7
346 8 0
346 9 7
346 10 0
347 1 0
347 2 0
347 3 7
347 4 0
347 5 9
347 6 7
347 7 7
347 8 7
347 9 0
347 10 0
348 1 7
348 2 0
348 3 0
348 4 0
348 5 0
348 6 9
348 7 0
348 8 7
348 9 8
348 10 0
349 1 9
349 2 0
349 3 0
349 4 7
349 5 6
349 6 8
349 7 0
349 8 9
349 9 9
349 10 8
350 1 0
350 2 6
350 3 0
350 4 7
350 5 0
350 6 7
350 7 0
350 8 6
350 9 6
350 10 0
351 1 0
351 2 6
351 3 9
351 4 8
351 5 7
351 6 7
351 7 6
351 8 8
351 9 0
351 10 7
352 1 0
352 2 0
352 3 0
352 4 0
352 5 0
352 6 6
352 7 0
352 8 6
352 9 0
352 10 9
353 1 7
353 2 0
353 3 8
353 4 8
353 5 9
353 6 7
353 7 8
353 8 6
353 9 8
353 10 0
354 1 0
354 2 6
354 3 0
354 4 0
354 5 0
354 6 0
354 7 7
354 8 0
354 9 7
354 10 8
355 1 0
355 2 7
355 3 9
355 4 7
355 5 0
355 6 0
355 7 7
355 8 6
355 9 0
355 10 7
356 1 7
356 2 9
356 3 0
356 4 9
356 5 8
356 6 9
356 7 7
356 8 7
356 9 8
356 10 7
357 1 8
357 2 0
357 3 6
357 4 8
357 5 0
357 6 9
357 7 8
357 8 9
357 9 0
357 10 9
358 1 0
358 2 7
358 3 7
358 4 0
358 5 8
358 6 8
358 7 9
358 8 0
358 9 7
358 10 6
359 1 9
359 2 8
359 3 8
359 4 0
359 5 8
359 6 0
359 7 7
359 8 6
359 9 0
359 10 0
360 1 0
360 2 6
360 3 0
360 4 9
360 5 0
360 6 8
360 7 6
360 8 7
360 9 8
360 10 8
361 1 6
361 2 0
361 3 7
361 4 8
361 5 0
361 6 0
361 7 0
361 8 0
361 9 9
361 10 8
362 1 9
362 2 8
362 3 0
362 4 0
362 5 8
362 6 0
362 7 7
362 8 9
362 9 0
362 10 7
363 1 8
363 2 9
363 3 0
363 4 9
363 5 0
363 6 0
363 7 8
363 8 8
363 9 8
363 10 0
364 1 7
364 2 7
364 3 0
364 4 0
364 5 0
364 6 0
364 7 8
364 8 9
364 9 9
364 10 0
365 1 9
365 2 0
365 3 0
365 4 0
365 5 9
365 6 0
365 7 0
365 8 0
365 9 9
365 10 0
366 1 6
366 2 9
366 3 7
366 4 8
366 5 9
366 6 0
366 7 7
366 8 9
366 9 9
366 10 7
367 1 6
367 2 6
367 3 0
367 4 8
367 5 7
367 6 0
367 7 9
367 8 7
367 9 8
367 10 6
368 1 0
368 2 8
368 3 0
368 4 6
368 5 0
368 6 0
368 7 7
368 8 6
368 9 0
368 10 0
369 1 0
369 2 7
369 3 0
369 4 6
369 5 9
369 6 7
369 7 6
369 8 7
369 9 8
369 10 9
370 1 8
370 2 9
370 3 0
370 4 7
370 5 9
370 6 8
370 7 6
370 8 7
370 9 9
370 10 0
371 1 6
371 2 0
371 3 0
371 4 0
371 5 0
371 6 0
371 7 7
371 8 0
371 9 0
371 10 8
372 1 8
372 2 7
372 3 0
372 4 8
372 5 0
372 6 8
372 7 8
372 8 6
372 9 9
372 10 7
373 1 7
373 2 9
373 3 0
373 4 0
373 5 7
373 6 0
373 7 9
373 8 7
373 9 0
373 10 6
374 1 8
374 2 0
374 3 6
374 4 0
374 5 0
374 6 6
374 7 6
374 8 7
374 9 6
374 10 0
375 1 9
375 2 0
375 3 0
375 4 7
375 5 0
375 6 7
375 7 0
375 8 9
375 9 7
375 10 0
376 1 8
376 2 8
376 3 0
376 4 8
376 5 7
376 6 6
376 7 8
376 8 0
376 9 6
376 10 8
377 1 9
377 2 0
377 3 9
377 4 6
377 5 7
377 6 0
377 7 6
377 8 9
377 9 9
377 10 8
378 1 6
378 2 7
378 3 6
378 4 8
378 5 6
378 6 9
378 7 0
378 8 7
378 9 8
378 10 9
379 1 0
379 2 6
379 3 6
379 4 9
379 5 9
379 6 9
379 7 8
379 8 9
379 9 0
379 10 0
380 1 8
380 2 0
380 3 0
380 4 0
380 5 8
380 6 0
380 7 8
380 8 0
380 9 8
380 10 0
381 1 6
381 2 0
381 3 0
381 4 6
381 5 6
381 6 0
381 7 7
381 8 0
381 9 9
381 10 7
382 1 8
382 2 0
382 3 7
382 4 6
382 5 0
382 6 7
382 7 8
382 8 0
382 9 7
382 10 7
383 1 0
383 2 0
383 3 7
383 4 9
383 5 8
383 6 8
383 7 0
383 8 0
383 9 9
383 10 7
384 1 9
384 2 9
384 3 0
384 4 9
384 5 6
384 6 0
384 7 0
384 8 9
384 9 0
384 10 0
385 1 9
385 2 0
385 3 7
385 4 0
385 5 7
385 6 9
385 7 6
385 8 0
385 9 9
385 10 9
386 1 7
386 2 0
386 3 8
386 4 0
386 5 9
386 6 0
386 7 9
386 8 7
386 9 7
386 10 8
387 1 0
387 2 0
387 3 8
387 4 7
387 5 0
387 6 0
387 7 0
387 8 9
387 9 9
387 10 0
388 1 8
388 2 0
388 3 6
388 4 7
388 5 0
388 6 9
388 7 0
388 8 9
388 9 0
388 10 0
389 1 9
389 2 0
389 3 9
389 4 0
389 5 7
389 6 0
389 7 6
389 8 7
389 9 0
389 10 0
390 1 7
390 2 9
390 3 0
390 4 0
390 5 0
390 6 6
390 7 7
390 8 7
390 9 7
390 10 9
391 1 9
391 2 0
391 3 8
391 4 9
391 5 0
391 6 9
391 7 7
391 8 8
391 9 0
391 10 6
392 1 8
392 2 0
392 3 7
392 4 8
392 5 9
392 6 0
392 7 8
392 8 9
392 9 0
392 10 0
393 1 9
393 2 8
393 3 0
393 4 9
393 5 0
393 6 7
393 7 0
393 8 6
393 9 0
393 10 8
394 1 8
394 2 7
394 3 8
394 4 0
394 5 6
394 6 9
394 7 9
394 8 7
394 9 6
394 10 9
395 1 0
395 2 8
395 3 6
395 4 8
395 5 6
395 6 0
395 7 9
395 8 9
395 9 9
395 10 0
396 1 9
396 2 9
396 3 0
396 4 6
396 5 0
396 6 8
396 7 0
396 8 7
396 9 7
396 10 9
397 1 6
397 2 7
397 3 8
397 4 8
397 5 0
397 6 9
397 7 9
397 8 0
397 9 7
397 10 9
398 1 8
398 2 7
398 3 0
398 4 7
398 5 0
398 6 0
398 7 8
398 8 8
398 9 0
398 10 8
399 1 9
399 2 0
399 3 8
399 4 8
399 5 9
399 6 0
399 7 6
399 8 7
399 9 8
399 10 0
400 1 0
400 2 0
400 3 8
400 4 8
400 5 0
400 6 7
400 7 0
400 8 7
400 9 6
400 10 0
401 1 8
401 2 7
401 3 8
401 4 7
401 5 0
401 6 0
401 7 8
401 8 0
401 9 7
401 10 9
402 1 9
402 2 0
402 3 8
402 4 0
402 5 8
402 6 8
402 7 0
402 8 0
402 9 0
402 10 9
403 1 8
403 2 0
403 3 0
403 4 0
403 5 7
403 6 0
403 7 6
403 8 7
403 9 7
403 10 6
404 1 7
404 2 9
404 3 7
404 4 0
404 5 0
404 6 8
404 7 0
404 8 0
404 9 6
404 10 8
405 1 9
405 2 8
405 3 6
405 4 0
405 5 6
405 6 8
405 7 7
405 8 0
405 9 8
405 10 7
406 1 0
406 2 7
406 3 6
406 4 6
406 5 9
406 6 9
406 7 7
406 8 0
406 9 6
406 10 0
407 1 0
407 2 7
407 3 9
407 4 6
407 5 0
407 6 0
407 7 0
407 8 0
407 9 8
407 10 9
408 1 0
408 2 7
408 3 0
408 4 0
408 5 7
408 6 8
408 7 8
408 8 0
408 9 0
408 10 0
409 1 8
409 2 0
409 3 9
409 4 9
409 5 8
409 6 7
409 7 8
409 8 6
409 9 8
409 10 0
410 1 9
410 2 7
410 3 0
410 4 8
410 5 9
410 6 0
410 7 0
410 8 0
410 9 7
410 10 9
411 1 8
411 2 7
411 3 0
411 4 0
411 5 8
411 6 7
411 7 7
411 8 0
411 9 7
411 10 8
412 1 7
412 2 8
412 3 0
412 4 8
412 5 7
412 6 0
412 7 0
412 8 9
412 9 6
412 10 8
413 1 7
413 2 0
413 3 6
413 4 0
413 5 9
413 6 0
413 7 8
413 8 0
413 9 9
413 10 9
414 1 9
414 2 7
414 3 9
414 4 7
414 5 8
414 6 9
414 7 7
414 8 7
414 9 8
414 10 7
415 1 0
415 2 6
415 3 9
415 4 7
415 5 8
415 6 0
415 7 7
415 8 0
415 9 9
415 10 6
416 1 9
416 2 0
416 3 7
416 4 7
416 5 7
416 6 0
416 7 0
416 8 8
416 9 6
416 10 0
417 1 7
417 2 7
417 3 0
417 4 7
417 5 0
417 6 0
417 7 9
417 8 0
417 9 7
417 10 0
418 1 7
418 2 0
418 3 7
418 4 8
418 5 8
418 6 6
418 7 6
418 8 7
418 9 7
418 10 9
419 1 0
419 2 7
419 3 6
419 4 7
419 5 0
419 6 6
419 7 8
419 8 6
419 9 8
419 10 0
420 1 0
420 2 6
420 3 9
420 4 0
420 5 7
420 6 6
420 7 7
420 8 7
420 9 0
420 10 7
421 1 7
421 2 6
421 3 7
421 4 0
421 5 0
421 6 9
421 7 0
421 8 0
421 9 8
421 10 0
422 1 9
422 2 0
422 3 9
422 4 0
422 5 6
422 6 9
422 7 8
422 8 7
422 9 7
422 10 0
423 1 9
423 2 8
423 3 0
423 4 8
423 5 0
423 6 7
423 7 0
423 8 0
423 9 8
423 10 9
424 1 7
424 2 0
424 3 0
424 4 6
424 5 6
424 6 8
424 7 9
424 8 7
424 9 0
424 10 9
425 1 8
425 2 8
425 3 0
425 4 7
425 5 7
425 6 9
425 7 0
425 8 6
425 9 7
425 10 9
426 1 6
426 2 9
426 3 0
426 4 0
426 5 9
426 6 9
426 7 8
426 8 0
426 9 8
426 10 8
427 1 9
427 2 7
427 3 9
427 4 9
427 5 6
427 6 8
427 7 0
427 8 9
427 9 7
427 10 7
428 1 0
428 2 8
428 3 0
428 4 8
428 5 0
428 6 0
428 7 8
428 8 9
428 9 7
428 10 0
429 1 0
429 2 0
429 3 7
429 4 9
429 5 9
429 6 0
429 7 7
429 8 7
429 9 0
429 10 0
430 1 6
430 2 8
430 3 0
430 4 0
430 5 0
430 6 7
430 7 0
430 8 9
430 9 9
430 10 0
431 1 7
431 2 9
431 3 9
431 4 0
431 5 0
431 6 6
431 7 0
431 8 0
431 9 0
431 10 9
432 1 7
432 2 0
432 3 0
432 4 0
432 5 0
432 6 9
432 7 0
432 8 6
432 9 0
432 10 7
433 1 0
433 2 8
433 3 0
433 4 0
433 5 0
433 6 8
433 7 9
433 8 0
433 9 0
433 10 6
434 1 7
434 2 9
434 3 0
434 4 6
434 5 6
434 6 7
434 7 9
434 8 7
434 9 7
434 10 0
435 1 6
435 2 0
435 3 7
435 4 9
435 5 6
435 6 9
435 7 8
435 8 6
435 9 8
435 10 7
436 1 9
436 2 9
436 3 7
436 4 0
436 5 0
436 6 8
436 7 7
436 8 6
436 9 0
436 10 9
437 1 0
437 2 7
437 3 6
437 4 7
437 5 0
437 6 8
437 7 8
437 8 6
437 9 9
437 10 0
438 1 0
438 2 9
438 3 8
438 4 0
438 5 7
438 6 0
438 7 8
438 8 9
438 9 0
438 10 0
439 1 9
439 2 9
439 3 8
439 4 0
439 5 7
439 6 7
439 7 0
439 8 0
439 9 6
439 10 0
440 1 7
440 2 0
440 3 7
440 4 0
440 5 6
440 6 9
440 7 7
440 8 7
440 9 7
440 10 0
441 1 0
441 2 0
441 3 6
441 4 7
441 5 0
441 6 8
441 7 7
441 8 8
441 9 7
441 10 0
442 1 0
442 2 0
442 3 0
442 4 8
442 5 9
442 6 7
442 7 7
442 8 9
442 9 9
442 10 6
443 1 8
443 2 0
443 3 9
443 4 0
443 5 0
443 6 7
443 7 7
443 8 7
443 9 7
443 10 8
444 1 0
444 2 7
444 3 0
444 4 8
444 5 8
444 6 0
444 7 0
444 8 0
444 9 7
444 10 8
445 1 0
445 2 8
445 3 0
445 4 9
445 5 9
445 6 8
445 7 9
445 8 0
445 9 8
445 10 0
446 1 0
446 2 0
446 3 7
446 4 7
446 5 0
446 6 9
446 7 8
446 8 9
446 9 9
446 10 6
447 1 6
447 2 7
447 3 0
447 4 9
447 5 0
447 6 0
447 7 7
447 8 8
447 9 7
447 10 9
448 1 9
448 2 7
448 3 7
448 4 9
448 5 6
448 6 0
448 7 0
448 8 7
448 9 0
448 10 6
449 1 8
449 2 6
449 3 7
449 4 0
449 5 8
449 6 0
449 7 0
449 8 0
449 9 7
449 10 8
450 1 0
450 2 8
450 3 7
450 4 9
450 5 8
450 6 0
450 7 0
450 8 0
450 9 6
450 10 0
451 1 6
451 2 8
451 3 6
451 4 0
451 5 0
451 6 8
451 7 8
451 8 0
451 9 0
451 10 6
452 1 0
452 2 7
452 3 9
452 4 8
452 5 0
452 6 7
452 7 8
452 8 0
452 9 9
452 10 0
453 1 0
453 2 7
453 3 9
453 4 0
453 5 9
453 6 9
453 7 9
453 8 7
453 9 7
453 10 0
454 1 7
454 2 0
454 3 9
454 4 8
454 5 0
454 6 7
454 7 7
454 8 6
454 9 0
454 10 0
455 1 9
455 2 0
455 3 9
455 4 7
455 5 9
455 6 7
455 7 8
455 8 9
455 9 9
455 10 6
456 1 6
456 2 0
456 3 9
456 4 0
456 5 8
456 6 8
456 7 6
456 8 8
456 9 9
456 10 9
457 1 0
457 2 0
457 3 0
457 4 7
457 5 0
457 6 0
457 7 0
457 8 9
457 9 7
457 10 7
458 1 0
458 2 0
458 3 0
458 4 7
458 5 8
458 6 8
458 7 0
458 8 0
458 9 0
458 10 7
459 1 8
459 2 7
459 3 0
459 4 9
459 5 9
459 6 6
459 7 0
459 8 9
459 9 8
459 10 6
460 1 9
460 2 8
460 3 7
460 4 8
460 5 9
460 6 6
460 7 8
460 8 8
460 9 0
460 10 8
461 1 6
461 2 9
461 3 9
461 4 7
461 5 0
461 6 0
461 7 8
461 8 7
461 9 0
461 10 9
462 1 7
462 2 7
462 3 8
462 4 0
462 5 0
462 6 7
462 7 9
462 8 8
462 9 9
462 10 6
463 1 8
463 2 6
463 3 0
463 4 0
463 5 0
463 6 9
463 7 7
463 8 0
463 9 0
463 10 6
464 1 9
464 2 6
464 3 8
464 4 7
464 5 0
464 6 9
464 7 0
464 8 0
464 9 0
464 10 6
465 1 0
465 2 0
465 3 0
465 4 0
465 5 0
465 6 9
465 7 6
465 8 0
465 9 9
465 10 7
466 1 0
466 2 0
466 3 6
466 4 0
466 5 0
466 6 6
466 7 8
466 8 9
466 9 7
466 10 8
467 1 0
467 2 0
467 3 0
467 4 9
467 5 8
467 6 0
467 7 0
467 8 0
467 9 8
467 10 0
468 1 0
468 2 6
468 3 9
468 4 7
468 5 8
468 6 0
468 7 0
468 8 7
468 9 7
468 10 0
469 1 8
469 2 7
469 3 7
469 4 0
469 5 8
469 6 9
469 7 0
469 8 0
469 9 0
469 10 7
470 1 7
470 2 6
470 3 7
470 4 8
470 5 9
470 6 0
470 7 8
470 8 8
470 9 0
470 10 0
471 1 0
471 2 7
471 3 0
471 4 0
471 5 8
471 6 6
471 7 6
471 8 9
471 9 0
471 10 7
472 1 7
472 2 9
472 3 0
472 4 7
472 5 6
472 6 8
472 7 9
472 8 0
472 9 9
472 10 0
473 1 9
473 2 6
473 3 0
473 4 7
473 5 0
473 6 7
473 7 0
473 8 7
473 9 0
473 10 0
474 1 0
474 2 0
474 3 7
474 4 7
474 5 0
474 6 0
474 7 0
474 8 0
474 9 0
474 10 0
475 1 9
475 2 7
475 3 0
475 4 0
475 5 0
475 6 8
475 7 8
475 8 6
475 9 7
475 10 8
476 1 8
476 2 8
476 3 8
476 4 0
476 5 0
476 6 8
476 7 9
476 8 0
476 9 0
476 10 0
477 1 0
477 2 0
477 3 9
477 4 0
477 5 8
477 6 0
477 7 8
477 8 8
477 9 8
477 10 0
478 1 0
478 2 6
478 3 9
478 4 8
478 5 9
478 6 6
478 7 7
478 8 7
478 9 9
478 10 7
479 1 7
479 2 0
479 3 0
479 4 6
479 5 8
479 6 0
479 7 9
479 8 7
479 9 8
479 10 8
480 1 0
480 2 6
480 3 6
480 4 0
480 5 0
480 6 0
480 7 7
480 8 0
480 9 0
480 10 9
481 1 0
481 2 0
481 3 0
481 4 0
481 5 0
481 6 0
481 7 0
481 8 0
481 9 9
481 10 7
482 1 8
482 2 7
482 3 6
482 4 6
482 5 0
482 6 8
482 7 9
482 8 0
482 9 9
482 10 8
483 1 7
483 2 6
483 3 7
483 4 7
483 5 0
483 6 0
483 7 8
483 8 8
483 9 9
483 10 9
484 1 9
484 2 8
484 3 0
484 4 7
484 5 7
484 6 7
484 7 9
484 8 9
484 9 0
484 10 9
485 1 7
485 2 0
485 3 6
485 4 7
485 5 7
485 6 0
485 7 8
485 8 0
485 9 7
485 10 6
486 1 0
486 2 0
486 3 0
486 4 0
486 5 6
486 6 8
486 7 7
486 8 0
486 9 0
486 10 6
487 1 0
487 2 0
487 3 0
487 4 6
487 5 7
487 6 6
487 7 0
487 8 8
487 9 8
487 10 6
488 1 8
488 2 7
488 3 9
488 4 0
488 5 0
488 6 8
488 7 7
488 8 9
488 9 0
488 10 8
489 1 6
489 2 0
489 3 0
489 4 0
489 5 0
489 6 7
489 7 9
489 8 8
489 9 7
489 10 7
490 1 8
490 2 0
490 3 6
490 4 0
490 5 6
490 6 0
490 7 9
490 8 9
490 9 6
490 10 9
491 1 0
491 2 7
491 3 0
491 4 7
491 5 0
491 6 9
491 7 0
491 8 6
491 9 8
491 10 0
492 1 9
492 2 9
492 3 9
492 4 7
492 5 0
492 6 0
492 7 7
492 8 9
492 9 8
492 10 9
493 1 7
493 2 0
493 3 7
493 4 8
493 5 0
493 6 6
493 7 9
493 8 0
493 9 0
493 10 8
494 1 6
494 2 8
494 3 0
494 4 7
494 5 0
494 6 7
494 7 9
494 8 0
494 9 0
494 10 7
495 1 0
495 2 0
495 3 0
495 4 9
495 5 0
495 6 7
495 7 6
495 8 9
495 9 8
495 10 9
496 1 0
496 2 9
496 3 8
496 4 8
496 5 6
496 6 8
496 7 8
496 8 9
496 9 8
496 10 7
497 1 0
497 2 8
497 3 0
497 4 0
497 5 7
497 6 9
497 7 6
497 8 6
497 9 0
497 10 0
498 1 9
498 2 8
498 3 0
498 4 0
498 5 8
498 6 0
498 7 7
498 8 9
498 9 0
498 10 0
499 1 9
499 2 7
499 3 7
499 4 9
499 5 0
499 6 8
499 7 0
499 8 7
499 9 0
499 10 0
500 1 8
500 2 7
500 3 8
500 4 0
500 5 9
500 6 8
500 7 8
500 8 7
500 9 8
500 10 7
501 1 8
501 2 8
501 3 0
501 4 8
501 5 6
501 6 0
501 7 7
501 8 8
501 9 0
501 10 9
502 1 0
502 2 0
502 3 6
502 4 7
502 5 0
502 6 8
502 7 8
502 8 9
502 9 0
502 10 0
503 1 8
503 2 8
503 3 0
503 4 8
503 5 6
503 6 8
503 7 8
503 8 0
503 9 0
503 10 7
504 1 7
504 2 9
504 3 0
504 4 0
504 5 0
504 6 0
504 7 0
504 8 0
504 9 6
504 10 0
505 1 7
505 2 0
505 3 0
505 4 7
505 5 0
505 6 8
505 7 9
505 8 0
505 9 9
505 10 6
506 1 0
506 2 7
506 3 0
506 4 0
506 5 8
506 6 0
506 7 0
506 8 0
506 9 7
506 10 7
507 1 8
507 2 9
507 3 7
507 4 8
507 5 7
507 6 7
507 7 0
507 8 9
507 9 0
507 10 0
508 1 7
508 2 8
508 3 9
508 4 0
508 5 7
508 6 0
508 7 8
508 8 0
508 9 0
508 10 7
509 1 8
509 2 0
509 3 9
509 4 7
509 5 9
509 6 7
509 7 0
509 8 7
509 9 9
509 10 6
510 1 8
510 2 9
510 3 9
510 4 9
510 5 8
510 6 7
510 7 9
510 8 0
510 9 6
510 10 8
511 1 8
511 2 8
511 3 0
511 4 0
511 5 9
511 6 0
511 7 9
511 8 9
511 9 0
511 10 6
512 1 0
512 2 9
512 3 8
512 4 7
512 5 6
512 6 0
512 7 7
512 8 8
512 9 0
512 10 0
513 1 7
513 2 0
513 3 0
513 4 6
513 5 8
513 6 8
513 7 0
513 8 0
513 9 9
513 10 8
514 1 0
514 2 0
514 3 6
514 4 7
514 5 7
514 6 7
514 7 0
514 8 9
514 9 9
514 10 9
515 1 7
515 2 0
515 3 0
515 4 9
515 5 9
515 6 0
515 7 8
515 8 7
515 9 6
515 10 8
516 1 6
516 2 0
516 3 0
516 4 9
516 5 0
516 6 8
516 7 0
516 8 9
516 9 7
516 10 0
517 1 8
517 2 0
517 3 0
517 4 7
517 5 6
517 6 7
517 7 0
517 8 0
517 9 0
517 10 8
518 1 0
518 2 0
518 3 8
518 4 0
518 5 9
518 6 0
518 7 0
518 8 6
518 9 9
518 10 7
519 1 0
519 2 9
519 3 6
519 4 9
519 5 0
519 6 9
519 7 9
519 8 9
519 9 7
519 10 6
520 1 8
520 2 9
520 3 0
520 4 0
520 5 7
520 6 8
520 7 7
520 8 7
520 9 0
520 10 9
521 1 6
521 2 7
521 3 7
521 4 8
521 5 6
521 6 7
521 7 0
521 8 6
521 9 7
521 10 9
522 1 7
522 2 9
522 3 7
522 4 9
522 5 8
522 6 9
522 7 8
522 8 0
522 9 0
522 10 9
523 1 0
523 2 7
523 3 8
523 4 0
523 5 0
523 6 6
523 7 9
523 8 0
523 9 8
523 10 0
524 1 0
524 2 0
524 3 0
524 4 0
524 5 9
524 6 0
524 7 0
524 8 9
524 9 8
524 10 7
525 1 7
525 2 9
525 3 9
525 4 0
525 5 7
525 6 9
525 7 6
525 8 0
525 9 6
525 10 8
526 1 0
526 2 7
526 3 8
526 4 7
526 5 8
526 6 7
526 7 0
526 8 6
526 9 6
526 10 9
527 1 0
527 2 7
527 3 0
527 4 9
527 5 0
527 6 9
527 7 0
527 8 7
527 9 8
527 10 0
528 1 7
528 2 0
528 3 8
528 4 6
528 5 8
528 6 0
528 7 6
528 8 0
528 9 7
528 10 9
529 1 8
529 2 6
529 3 0
529 4 7
529 5 6
529 6 8
529 7 0
529 8 7
529 9 0
529 10 6
530 1 6
530 2 7
530 3 0
530 4 0
530 5 0
530 6 7
530 7 6
530 8 8
530 9 0
530 10 7
531 1 7
531 2 0
531 3 8
531 4 7
531 5 0
531 6 0
531 7 0
531 8 8
531 9 8
531 10 7
532 1 9
532 2 9
532 3 8
532 4 0
532 5 0
532 6 8
532 7 9
532 8 9
532 9 7
532 10 7
533 1 0
533 2 7
533 3 8
533 4 0
533 5 6
533 6 8
533 7 7
533 8 9
533 9 0
533 10 8
534 1 7
534 2 9
534 3 8
534 4 8
534 5 8
534 6 9
534 7 7
534 8 7
534 9 7
534 10 7
535 1 9
535 2 0
535 3 8
535 4 9
535 5 8
535 6 0
535 7 7
535 8 6
535 9 0
535 10 7
536 1 0
536 2 0
536 3 9
536 4 7
536 5 8
536 6 0
536 7 0
536 8 7
536 9 9
536 10 0
537 1 9
537 2 9
537 3 9
537 4 7
537 5 9
537 6 0
537 7 0
537 8 9
537 9 0
537 10 0
538 1 6
538 2 0
538 3 0
538 4 7
538 5 9
538 6 8
538 7 0
538 8 0
538 9 7
538 10 0
539 1 0
539 2 7
539 3 8
539 4 0
539 5 8
539 6 0
539 7 9
539 8 0
539 9 0
539 10 9
540 1 9
540 2 9
540 3 9
540 4 0
540 5 0
540 6 0
540 7 0
540 8 6
540 9 9
540 10 8
541 1 6
541 2 0
541 3 6
541 4 6
541 5 9
541 6 6
541 7 0
541 8 9
541 9 0
541 10 9
542 1 6
542 2 7
542 3 8
542 4 8
542 5 7
542 6 9
542 7 0
542 8 0
542 9 0
542 10 0
543 1 0
543 2 0
543 3 6
543 4 7
543 5 0
543 6 9
543 7 9
543 8 7
543 9 9
543 10 0
544 1 9
544 2 9
544 3 9
544 4 9
544 5 9
544 6 6
544 7 9
544 8 0
544 9 0
544 10 9
545 1 6
545 2 7
545 3 6
545 4 8
545 5 0
545 6 8
545 7 9
545 8 0
545 9 0
545 10 0
546 1 6
546 2 7
546 3 0
546 4 0
546 5 7
546 6 6
546 7 0
546 8 0
546 9 9
546 10 0
547 1 9
547 2 8
547 3 0
547 4 6
547 5 0
547 6 7
547 7 8
547 8 8
547 9 6
547 10 6
548 1 0
548 2 0
548 3 7
548 4 0
548 5 0
548 6 0
548 7 0
548 8 9
548 9 0
548 10 0
549 1 7
549 2 0
549 3 8
549 4 6
549 5 0
549 6 9
549 7 0
549 8 0
549 9 0
549 10 8
550 1 0
550 2 0
550 3 0
550 4 9
550 5 7
550 6 9
550 7 9
550 8 0
550 9 9
550 10 0
551 1 7
551 2 8
551 3 6
551 4 0
551 5 0
551 6 7
551 7 6
551 8 9
551 9 8
551 10 0
552 1 0
552 2 0
552 3 6
552 4 7
552 5 9
552 6 6
552 7 8
552 8 0
552 9 0
552 10 9
553 1 7
553 2 9
553 3 6
553 4 7
553 5 6
553 6 7
553 7 0
553 8 9
553 9 7
553 10 8
554 1 0
554 2 0
554 3 6
554 4 0
554 5 6
554 6 0
554 7 8
554 8 0
554 9 9
554 10 9
555 1 9
555 2 7
555 3 8
555 4 9
555 5 8
555 6 7
555 7 6
555 8 6
555 9 8
555 10 6
556 1 7
556 2 9
556 3 0
556 4 0
556 5 6
556 6 9
556 7 0
556 8 6
556 9 7
556 10 9
557 1 8
557 2 0
557 3 0
557 4 7
557 5 8
557 6 8
557 7 0
557 8 0
557 9 7
557 10 9
558 1 6
558 2 9
558 3 9
558 4 8
558 5 9
558 6 7
558 7 0
558 8 9
558 9 7
558 10 0
559 1 0
559 2 6
559 3 0
559 4 9
559 5 0
559 6 0
559 7 0
559 8 0
559 9 9
559 10 9
560 1 6
560 2 0
560 3 7
560 4 0
560 5 7
560 6 0
560 7 9
560 8 7
560 9 9
560 10 0
561 1 0
561 2 0
561 3 8
561 4 6
561 5 9
561 6 8
561 7 0
561 8 0
561 9 7
561 10 6
562 1 8
562 2 0
562 3 9
562 4 0
562 5 8
562 6 9
562 7 0
562 8 9
562 9 9
562 10 0
563 1 8
563 2 6
563 3 0
563 4 0
563 5 0
563 6 9
563 7 7
563 8 9
563 9 9
563 10 0
564 1 7
564 2 7
564 3 7
564 4 8
564 5 8
564 6 0
564 7 6
564 8 0
564 9 0
564 10 0
565 1 8
565 2 8
565 3 7
565 4 7
565 5 6
565 6 0
565 7 0
565 8 9
565 9 0
565 10 6
566 1 0
566 2 0
566 3 0
566 4 0
566 5 6
566 6 7
566 7 0
566 8 9
566 9 0
566 10 7
567 1 7
567 2 0
567 3 0
567 4 0
567 5 6
567 6 7
567 7 0
567 8 7
567 9 0
567 10 6
568 1 7
568 2 6
568 3 0
568 4 6
568 5 0
568 6 7
568 7 0
568 8 0
568 9 8
568 10 0
569 1 0
569 2 6
569 3 7
569 4 9
569 5 8
569 6 9
569 7 9
569 8 9
569 9 7
569 10 0
570 1 7
570 2 8
570 3 0
570 4 9
570 5 9
570 6 7
570 7 7
570 8 8
570 9 0
570 10 7
571 1 9
571 2 0
571 3 0
571 4 8
571 5 9
571 6 7
571 7 8
571 8 9
571 9 6
571 10 0
572 1 8
572 2 0
572 3 0
572 4 8
572 5 0
572 6 8
572 7 0
572 8 0
572 9 9
572 10 0
573 1 9
573 2 9
573 3 0
573 4 7
573 5 7
573 6 8
573 7 0
573 8 6
573 9 8
573 10 0
574 1 8
574 2 0
574 3 9
574 4 0
574 5 7
574 6 0
574 7 7
574 8 0
574 9 0
574 10 0
575 1 9
575 2 0
575 3 0
575 4 0
575 5 0
575 6 0
575 7 8
575 8 7
575 9 0
575 10 6
576 1 7
576 2 0
576 3 7
576 4 0
576 5 0
576 6 8
576 7 0
576 8 0
576 9 9
576 10 7
577 1 0
577 2 9
577 3 7
577 4 7
577 5 0
577 6 6
577 7 8
577 8 7
577 9 0
577 10 7
578 1 9
578 2 8
578 3 8
578 4 7
578 5 6
578 6 7
578 7 8
578 8 0
578 9 6
578 10 9
579 1 0
579 2 8
579 3 0
579 4 0
579 5 8
579 6 0
579 7 8
579 8 8
579 9 9
579 10 9
580 1 9
580 2 7
580 3 7
580 4 0
580 5 9
580 6 0
580 7 9
580 8 9
580 9 8
580 10 8
581 1 0
581 2 8
581 3 0
581 4 9
581 5 6
581 6 7
581 7 0
581 8 0
581 9 0
581 10 0
582 1 0
582 2 9
582 3 8
582 4 9
582 5 8
582 6 8
582 7 0
582 8 9
582 9 9
582 10 0
583 1 6
583 2 9
583 3 7
583 4 0
583 5 0
583 6 9
583 7 6
583 8 8
583 9 9
583 10 9
584 1 9
584 2 7
584 3 9
584 4 0
584 5 0
584 6 7
584 7 0
584 8 8
584 9 7
584 10 0
585 1 6
585 2 9
585 3 7
585 4 7
585 5 9
585 6 6
585 7 7
585 8 0
585 9 8
585 10 8
586 1 9
586 2 9
586 3 6
586 4 0
586 5 0
586 6 0
586 7 8
586 8 9
586 9 8
586 10 0
587 1 7
587 2 0
587 3 9
587 4 0
587 5 0
587 6 0
587 7 6
587 8 7
587 9 9
587 10 0
588 1 9
588 2 0
588 3 0
588 4 0
588 5 0
588 6 0
588 7 7
588 8 0
588 9 6
588 10 8
589 1 0
589 2 8
589 3 8
589 4 0
589 5 9
589 6 9
589 7 6
589 8 0
589 9 0
589 10 9
590 1 8
590 2 8
590 3 6
590 4 0
590 5 8
590 6 8
590 7 9
590 8 0
590 9 7
590 10 7
591 1 7
591 2 9
591 3 9
591 4 8
591 5 0
591 6 0
591 7 0
591 8 0
591 9 0
591 10 8
592 1 0
592 2 8
592 3 7
592 4 9
592 5 0
592 6 0
592 7 7
592 8 8
592 9 0
592 10 0
593 1 9
593 2 9
593 3 0
593 4 7
593 5 7
593 6 8
593 7 0
593 8 6
593 9 9
593 10 9
594 1 7
594 2 7
594 3 9
594 4 8
594 5 0
594 6 0
594 7 7
594 8 9
594 9 9
594 10 0
595 1 0
595 2 0
595 3 6
595 4 7
595 5 7
595 6 7
595 7 7
595 8 0
595 9 9
595 10 7
596 1 7
596 2 8
596 3 8
596 4 0
596 5 7
596 6 8
596 7 8
596 8 0
596 9 0
596 10 7
597 1 0
597 2 0
597 3 0
597 4 0
597 5 7
597 6 0
597 7 0
597 8 6
597 9 7
597 10 9
598 1 7
598 2 8
598 3 8
598 4 0
598 5 7
598 6 6
598 7 0
598 8 9
598 9 6
598 10 0
599 1 7
599 2 6
599 3 8
599 4 0
599 5 0
599 6 8
599 7 0
599 8 0
599 9 6
599 10 9
600 1 8
600 2 9
600 3 9
600 4 9
600 5 0
600 6 0
600 7 0
600 8 7
600 9 0
600 10 8
601 1 0
601 2 7
601 3 9
601 4 0
601 5 6
601 6 7
601 7 6
601 8 9
601 9 7
601 10 0
602 1 9
602 2 9
602 3 0
602 4 6
602 5 0
602 6 7
602 7 0
602 8 8
602 9 6
602 10 0
603 1 0
603 2 0
603 3 0
603 4 0
603 5 6
603 6 0
603 7 0
603 8 0
603 9 8
603 10 8
604 1 8
604 2 0
604 3 9
604 4 8
604 5 6
604 6 0
604 7 7
604 8 0
604 9 8
604 10 0
605 1 8
605 2 6
605 3 0
605 4 7
605 5 7
605 6 7
605 7 0
605 8 0
605 9 8
605 10 9
606 1 0
606 2 0
606 3 7
606 4 0
606 5 7
606 6 8
606 7 9
606 8 9
606 9 7
606 10 7
607 1 6
607 2 0
607 3 9
607 4 0
607 5 8
607 6 7
607 7 7
607 8 0
607 9 0
607 10 9
608 1 6
608 2 0
608 3 0
608 4 0
608 5 7
608 6 0
608 7 7
608 8 0
608 9 0
608 10 0
609 1 8
609 2 9
609 3 8
609 4 7
609 5 9
609 6 9
609 7 8
609 8 8
609 9 9
609 10 6
610 1 0
610 2 7
610 3 0
610 4 8
610 5 0
610 6 8
610 7 0
610 8 8
610 9 9
610 10 9
611 1 9
611 2 0
611 3 7
611 4 0
611 5 9
611 6 6
611 7 7
611 8 9
611 9 0
611 10 0
612 1 0
612 2 0
612 3 0
612 4 6
612 5 6
612 6 0
612 7 0
612 8 9
612 9 0
612 10 0
613 1 0
613 2 0
613 3 0
613 4 8
613 5 0
613 6 0
613 7 0
613 8 0
613 9 7
613 10 8
614 1 9
614 2 9
614 3 9
614 4 8
614 5 9
614 6 9
614 7 0
614 8 8
614 9 9
614 10 0
615 1 0
615 2 7
615 3 7
615 4 8
615 5 0
615 6 7
615 7 9
615 8 0
615 9 8
615 10 8
616 1 7
616 2 6
616 3 8
616 4 6
616 5 6
616 6 0
616 7 0
616 8 0
616 9 7
616 10 9
617 1 8
617 2 0
617 3 8
617 4 0
617 5 0
617 6 0
617 7 0
617 8 6
617 9 7
617 10 9
618 1 8
618 2 0
618 3 0
618 4 0
618 5 8
618 6 7
618 7 9
618 8 0
618 9 0
618 10 8
619 1 8
619 2 8
619 3 0
619 4 7
619 5 7
619 6 8
619 7 6
619 8 0
619 9 0
619 10 8
620 1 8
620 2 8
620 3 9
620 4 0
620 5 0
620 6 9
620 7 8
620 8 7
620 9 7
620 10 6
621 1 7
621 2 8
621 3 8
621 4 8
621 5 0
621 6 0
621 7 7
621 8 7
621 9 0
621 10 0
622 1 8
622 2 7
622 3 9
622 4 6
622 5 9
622 6 6
622 7 6
622 8 7
622 9 8
622 10 0
623 1 0
623 2 8
623 3 0
623 4 0
623 5 7
623 6 0
623 7 9
623 8 0
623 9 7
623 10 0
624 1 8
624 2 7
624 3 0
624 4 0
624 5 0
624 6 9
624 7 0
624 8 0
624 9 0
624 10 0
625 1 0
625 2 7
625 3 8
625 4 7
625 5 0
625 6 9
625 7 9
625 8 0
625 9 0
625 10 0
626 1 8
626 2 7
626 3 9
626 4 9
626 5 7
626 6 8
626 7 9
626 8 0
626 9 0
626 10 9
627 1 8
627 2 7
627 3 0
627 4 9
627 5 9
627 6 9
627 7 7
627 8 9
627 9 8
627 10 0
628 1 0
628 2 7
628 3 0
628 4 9
628 5 9
628 6 9
628 7 7
628 8 8
628 9 7
628 10 8
629 1 7
629 2 0
629 3 7
629 4 0
629 5 0
629 6 7
629 7 8
629 8 0
629 9 6
629 10 0
630 1 8
630 2 8
630 3 8
630 4 9
630 5 6
630 6 6
630 7 8
630 8 7
630 9 0
630 10 6
631 1 8
631 2 0
631 3 0
631 4 0
631 5 7
631 6 0
631 7 8
631 8 0
631 9 9
631 10 8
632 1 0
632 2 0
632 3 0
632 4 0
632 5 8
632 6 8
632 7 8
632 8 8
632 9 6
632 10 0
633 1 8
633 2 0
633 3 6
633 4 8
633 5 0
633 6 7
633 7 6
633 8 9
633 9 0
633 10 0
634 1 8
634 2 0
634 3 7
634 4 0
634 5 0
634 6 0
634 7 7
634 8 8
634 9 0
634 10 0
635 1 0
635 2 0
635 3 9
635 4 7
635 5 0
635 6 0
635 7 0
635 8 0
635 9 7
635 10 0
636 1 6
636 2 0
636 3 8
636 4 8
636 5 0
636 6 8
636 7 0
636 8 8
636 9 8
636 10 0
637 1 6
637 2 8
637 3 7
637 4 7
637 5 8
637 6 7
637 7 7
637 8 6
637 9 0
637 10 9
638 1 0
638 2 8
638 3 0
638 4 0
638 5 9
638 6 8
638 7 7
638 8 0
638 9 9
638 10 7
639 1 7
639 2 9
639 3 6
639 4 0
639 5 8
639 6 7
639 7 0
639 8 0
639 9 9
639 10 6
640 1 0
640 2 0
640 3 0
640 4 0
640 5 6
640 6 0
640 7 0
640 8 0
640 9 6
640 10 7
641 1 8
641 2 6
641 3 8
641 4 7
641 5 7
641 6 8
641 7 6
641 8 6
641 9 6
641 10 9
642 1 7
642 2 0
642 3 9
642 4 8
642 5 0
642 6 8
642 7 0
642 8 0
642 9 0
642 10 9
643 1 6
643 2 0
643 3 6
643 4 0
643 5 8
643 6 0
643 7 0
643 8 8
643 9 0
643 10 9
644 1 8
644 2 9
644 3 9
644 4 0
644 5 0
644 6 0
644 7 7
644 8 0
644 9 9
644 10 7
645 1 0
645 2 7
645 3 0
645 4 9
645 5 6
645 6 0
645 7 8
645 8 0
645 9 8
645 10 8
646 1 0
646 2 6
646 3 6
646 4 0
646 5 7
646 6 0
646 7 8
646 8 6
646 9 7
646 10 6
647 1 8
647 2 6
647 3 7
647 4 7
647 5 9
647 6 7
647 7 0
647 8 0
647 9 0
647 10 7
648 1 8
648 2 0
648 3 6
648 4 0
648 5 9
648 6 0
648 7 7
648 8 9
648 9 6
648 10 0
649 1 6
649 2 0
649 3 9
649 4 8
649 5 8
649 6 7
649 7 7
649 8 8
649 9 0
649 10 8
650 1 7
650 2 0
650 3 8
650 4 9
650 5 9
650 6 0
650 7 7
650 8 0
650 9 8
650 10 0
651 1 8
651 2 0
651 3 8
651 4 6
651 5 8
651 6 0
651 7 8
651 8 0
651 9 6
651 10 0
652 1 8
652 2 6
652 3 6
652 4 0
652 5 8
652 6 0
652 7 6
652 8 0
652 9 0
652 10 0
653 1 8
653 2 9
653 3 0
653 4 7
653 5 9
653 6 0
653 7 0
653 8 9
653 9 0
653 10 9
654 1 6
654 2 0
654 3 8
654 4 8
654 5 0
654 6 8
654 7 8
654 8 0
654 9 9
654 10 0
655 1 7
655 2 6
655 3 0
655 4 9
655 5 0
655 6 8
655 7 6
655 8 6
655 9 0
655 10 9
656 1 0
656 2 7
656 3 9
656 4 6
656 5 6
656 6 9
656 7 0
656 8 0
656 9 9
656 10 9
657 1 6
657 2 0
657 3 0
657 4 0
657 5 9
657 6 0
657 7 0
657 8 9
657 9 9
657 10 7
658 1 7
658 2 0
658 3 8
658 4 7
658 5 9
658 6 8
658 7 8
658 8 0
658 9 8
658 10 7
659 1 0
659 2 0
659 3 0
659 4 0
659 5 0
659 6 7
659 7 7
659 8 0
659 9 9
659 10 9
660 1 0
660 2 0
660 3 0
660 4 8
660 5 7
660 6 0
660 7 9
660 8 7
660 9 7
660 10 7
661 1 9
661 2 8
661 3 8
661 4 9
661 5 0
661 6 8
661 7 0
661 8 0
661 9 6
661 10 0
662 1 0
662 2 6
662 3 0
662 4 6
662 5 0
662 6 9
662 7 9
662 8 7
662 9 6
662 10 0
663 1 6
663 2 7
663 3 7
663 4 8
663 5 0
663 6 6
663 7 7
663 8 0
663 9 7
663 10 6
664 1 8
664 2 0
664 3 7
664 4 0
664 5 0
664 6 7
664 7 7
664 8 0
664 9 0
664 10 0
665 1 0
665 2 7
665 3 0
665 4 7
665 5 7
665 6 9
665 7 0
665 8 0
665 9 9
665 10 7
666 1 7
666 2 7
666 3 8
666 4 0
666 5 8
666 6 8
666 7 8
666 8 7
666 9 0
666 10 0
667 1 9
667 2 0
667 3 6
667 4 0
667 5 0
667 6 9
667 7 9
667 8 7
667 9 9
667 10 7
668 1 9
668 2 9
668 3 0
668 4 0
668 5 0
668 6 8
668 7 6
668 8 0
668 9 6
668 10 0
669 1 9
669 2 8
669 3 9
669 4 0
669 5 7
669 6 8
669 7 7
669 8 7
669 9 9
669 10 0
670 1 7
670 2 8
670 3 8
670 4 7
670 5 8
670 6 8
670 7 8
670 8 0
670 9 0
670 10 8
671 1 0
671 2 8
671 3 7
671 4 8
671 5 0
671 6 9
671 7 0
671 8 6
671 9 0
671 10 7
672 1 0
672 2 9
672 3 8
672 4 9
672 5 8
672 6 7
672 7 8
672 8 9
672 9 0
672 10 0
673 1 0
673 2 6
673 3 6
673 4 8
673 5 7
673 6 8
673 7 9
673 8 8
673 9 9
673 10 8
674 1 0
674 2 9
674 3 0
674 4 8
674 5 6
674 6 9
674 7 0
674 8 0
674 9 9
674 10 0
675 1 7
675 2 0
675 3 9
675 4 8
675 5 7
675 6 9
675 7 9
675 8 8
675 9 8
675 10 7
676 1 0
676 2 6
676 3 8
676 4 6
676 5 6
676 6 7
676 7 9
676 8 8
676 9 7
676 10 7
677 1 9
677 2 0
677 3 8
677 4 0
677 5 0
677 6 7
677 7 9
677 8 9
677 9 7
677 10 0
678 1 0
678 2 8
678 3 7
678 4 0
678 5 9
678 6 0
678 7 0
678 8 0
678 9 9
678 10 9
679 1 8
679 2 8
679 3 6
679 4 0
679 5 8
679 6 7
679 7 9
679 8 0
679 9 0
679 10 0
680 1 8
680 2 9
680 3 0
680 4 9
680 5 0
680 6 8
680 7 9
680 8 6
680 9 9
680 10 0
681 1 0
681 2 0
681 3 0
681 4 6
681 5 8
681 6 9
681 7 7
681 8 0
681 9 6
681 10 0
682 1 9
682 2 0
682 3 9
682 4 0
682 5 7
682 6 0
682 7 6
682 8 0
682 9 6
682 10 8
683 1 7
683 2 0
683 3 8
683 4 8
683 5 7
683 6 9
683 7 0
683 8 9
683 9 8
683 10 0
684 1 0
684 2 0
684 3 7
684 4 7
684 5 6
684 6 0
684 7 7
684 8 7
684 9 0
684 10 0
685 1 0
685 2 9
685 3 9
685 4 8
685 5 7
685 6 0
685 7 0
685 8 6
685 9 0
685 10 0
686 1 0
686 2 8
686 3 0
686 4 6
686 5 7
686 6 9
686 7 6
686 8 8
686 9 9
686 10 0
687 1 0
687 2 0
687 3 8
687 4 0
687 5 0
687 6 9
687 7 7
687 8 0
687 9 9
687 10 9
688 1 8
688 2 0
688 3 9
688 4 9
688 5 0
688 6 9
688 7 9
688 8 0
688 9 8
688 10 0
689 1 0
689 2 0
689 3 9
689 4 0
689 5 0
689 6 0
689 7 0
689 8 7
689 9 9
689 10 7
690 1 7
690 2 9
690 3 7
690 4 7
690 5 7
690 6 0
690 7 6
690 8 0
690 9 0
690 10 8
691 1 8
691 2 9
691 3 0
691 4 7
691 5 9
691 6 0
691 7 7
691 8 6
691 9 7
691 10 8
692 1 9
692 2 0
692 3 6
692 4 0
692 5 0
692 6 0
692 7 9
692 8 7
692 9 8
692 10 9
693 1 0
693 2 0
693 3 7
693 4 8
693 5 0
693 6 9
693 7 9
693 8 7
693 9 6
693 10 0
694 1 7
694 2 0
694 3 0
694 4 0
694 5 0
694 6 7
694 7 7
694 8 7
694 9 0
694 10 7
695 1 6
695 2 6
695 3 6
695 4 0
695 5 0
695 6 9
695 7 6
695 8 6
695 9 7
695 10 8
696 1 9
696 2 9
696 3 0
696 4 9
696 5 8
696 6 7
696 7 0
696 8 8
696 9 7
696 10 0
697 1 6
697 2 7
697 3 9
697 4 0
697 5 8
697 6 0
697 7 0
697 8 7
697 9 0
697 10 7
698 1 9
698 2 7
698 3 0
698 4 6
698 5 9
698 6 0
698 7 0
698 8 9
698 9 9
698 10 0
699 1 0
699 2 7
699 3 0
699 4 7
699 5 9
699 6 0
699 7 6
699 8 0
699 9 9
699 10 9
700 1 8
700 2 0
700 3 0
700 4 6
700 5 8
700 6 9
700 7 9
700 8 0
700 9 8
700 10 0
701 1 9
701 2 9
701 3 0
701 4 8
701 5 6
701 6 6
701 7 7
701 8 9
701 9 6
701 10 8
702 1 9
702 2 0
702 3 0
702 4 9
702 5 8
702 6 9
702 7 8
702 8 7
702 9 8
702 10 7
703 1 7
703 2 0
703 3 6
703 4 0
703 5 7
703 6 0
703 7 8
703 8 8
703 9 9
703 10 7
704 1 0
704 2 8
704 3 0
704 4 9
704 5 8
704 6 6
704 7 6
704 8 7
704 9 0
704 10 0
705 1 7
705 2 7
705 3 0
705 4 9
705 5 0
705 6 9
705 7 8
705 8 7
705 9 7
705 10 6
706 1 6
706 2 0
706 3 6
706 4 8
706 5 9
706 6 0
706 7 7
706 8 7
706 9 7
706 10 7
707 1 0
707 2 6
707 3 9
707 4 0
707 5 0
707 6 7
707 7 8
707 8 0
707 9 0
707 10 0
708 1 6
708 2 0
708 3 7
708 4 9
708 5 9
708 6 6
708 7 0
708 8 8
708 9 0
708 10 0
709 1 0
709 2 7
709 3 0
709 4 9
709 5 7
709 6 9
709 7 0
709 8 9
709 9 0
709 10 7
710 1 6
710 2 9
710 3 8
710 4 0
710 5 7
710 6 0
710 7 6
710 8 0
710 9 6
710 10 0
711 1 0
711 2 0
711 3 7
711 4 0
711 5 9
711 6 0
711 7 0
711 8 7
711 9 6
711 10 8
712 1 0
712 2 0
712 3 8
712 4 9
712 5 9
712 6 8
712 7 6
712 8 9
712 9 0
712 10 6
713 1 7
713 2 9
713 3 6
713 4 0
713 5 0
713 6 0
713 7 7
713 8 9
713 9 0
713 10 0
714 1 9
714 2 9
714 3 6
714 4 8
714 5 8
714 6 7
714 7 8
714 8 9
714 9 0
714 10 9
715 1 8
715 2 0
715 3 9
715 4 0
715 5 8
715 6 9
715 7 6
715 8 0
715 9 0
715 10 9
716 1 8
716 2 0
716 3 0
716 4 8
716 5 0
716 6 0
716 7 7
716 8 0
716 9 9
716 10 0
717 1 8
717 2 0
717 3 9
717 4 0
717 5 9
717 6 6
717 7 8
717 8 8
717 9 0
717 10 9
718 1 0
718 2 6
718 3 0
718 4 0
718 5 8
718 6 8
718 7 0
718 8 9
718 9 7
718 10 0
719 1 9
719 2 8
719 3 8
719 4 0
719 5 9
719 6 8
719 7 7
719 8 9
719 9 8
719 10 7
720 1 0
720 2 7
720 3 9
720 4 0
720 5 0
720 6 8
720 7 0
720 8 8
720 9 8
720 10 6
721 1 6
721 2 8
721 3 0
721 4 0
721 5 9
721 6 0
721 7 0
721 8 6
721 9 9
721 10 9
722 1 7
722 2 8
722 3 9
722 4 0
722 5 8
722 6 0
722 7 6
722 8 7
722 9 6
722 10 0
723 1 8
723 2 9
723 3 6
723 4 7
723 5 0
723 6 6
723 7 0
723 8 0
723 9 8
723 10 6
724 1 7
724 2 8
724 3 8
724 4 0
724 5 8
724 6 9
724 7 0
724 8 0
724 9 0
724 10 0
725 1 0
725 2 9
725 3 7
725 4 9
725 5 9
725 6 0
725 7 7
725 8 0
725 9 9
725 10 9
726 1 8
726 2 0
726 3 6
726 4 9
726 5 0
726 6 7
726 7 8
726 8 9
726 9 0
726 10 8
727 1 7
727 2 8
727 3 0
727 4 0
727 5 6
727 6 8
727 7 0
727 8 9
727 9 0
727 10 0
728 1 9
728 2 0
728 3 8
728 4 7
728 5 0
728 6 8
728 7 0
728 8 7
728 9 7
728 10 9
729 1 8
729 2 0
729 3 9
729 4 7
729 5 6
729 6 6
729 7 0
729 8 8
729 9 8
729 10 8
730 1 7
730 2 6
730 3 8
730 4 0
730 5 0
730 6 9
730 7 0
730 8 8
730 9 0
730 10 0
731 1 0
731 2 6
731 3 0
731 4 0
731 5 0
731 6 0
731 7 0
731 8 0
731 9 0
731 10 6
732 1 0
732 2 6
732 3 0
732 4 8
732 5 7
732 6 9
732 7 0
732 8 0
732 9 7
732 10 0
733 1 0
733 2 7
733 3 7
733 4 6
733 5 0
733 6 6
733 7 9
733 8 7
733 9 7
733 10 0
734 1 8
734 2 9
734 3 7
734 4 9
734 5 6
734 6 0
734 7 9
734 8 0
734 9 7
734 10 8
735 1 0
735 2 0
735 3 6
735 4 0
735 5 7
735 6 6
735 7 7
735 8 8
735 9 0
735 10 6
736 1 8
736 2 8
736 3 9
736 4 8
736 5 6
736 6 0
736 7 0
736 8 8
736 9 9
736 10 0
737 1 7
737 2 6
737 3 6
737 4 9
737 5 7
737 6 7
737 7 0
737 8 9
737 9 9
737 10 7
738 1 0
738 2 7
738 3 0
738 4 7
738 5 8
738 6 0
738 7 9
738 8 8
738 9 6
738 10 0
739 1 0
739 2 9
739 3 7
739 4 7
739 5 6
739 6 7
739 7 0
739 8 7
739 9 6
739 10 0
740 1 0
740 2 9
740 3 0
740 4 7
740 5 9
740 6 8
740 7 8
740 8 0
740 9 0
740 10 8
741 1 9
741 2 8
741 3 9
741 4 7
741 5 0
741 6 8
741 7 8
741 8 0
741 9 7
741 10 0
742 1 0
742 2 8
742 3 9
742 4 0
742 5 0
742 6 0
742 7 0
742 8 7
742 9 9
742 10 0
743 1 8
743 2 0
743 3 0
743 4 0
743 5 0
743 6 0
743 7 9
743 8 7
743 9 0
743 10 0
744 1 0
744 2 0
744 3 9
744 4 8
744 5 0
744 6 6
744 7 9
744 8 0
744 9 0
744 10 8
745 1 0
745 2 7
745 3 0
745 4 7
745 5 0
745 6 6
745 7 0
745 8 0
745 9 7
745 10 0
746 1 8
746 2 0
746 3 0
746 4 8
746 5 9
746 6 0
746 7 0
746 8 9
746 9 7
746 10 0
747 1 7
747 2 0
747 3 0
747 4 9
747 5 0
747 6 8
747 7 0
747 8 7
747 9 8
747 10 9
748 1 0
748 2 7
748 3 7
748 4 6
748 5 0
748 6 9
748 7 9
748 8 7
748 9 6
748 10 0
749 1 8
749 2 6
749 3 7
749 4 7
749 5 0
749 6 0
749 7 9
749 8 0
749 9 9
749 10 0
750 1 8
750 2 7
750 3 0
750 4 6
750 5 0
750 6 9
750 7 9
750 8 8
750 9 7
750 10 0
751 1 7
751 2 9
751 3 0
751 4 8
751 5 0
751 6 0
751 7 6
751 8 7
751 9 6
751 10 0
752 1 0
752 2 9
752 3 0
752 4 8
752 5 0
752 6 0
752 7 6
752 8 8
752 9 0
752 10 6
753 1 0
753 2 6
753 3 0
753 4 0
753 5 0
753 6 9
753 7 8
753 8 7
753 9 0
753 10 9
754 1 7
754 2 9
754 3 0
754 4 0
754 5 7
754 6 7
754 7 0
754 8 7
754 9 8
754 10 0
755 1 6
755 2 9
755 3 7
755 4 0
755 5 8
755 6 9
755 7 8
755 8 7
755 9 8
755 10 7
756 1 8
756 2 0
756 3 9
756 4 9
756 5 6
756 6 0
756 7 0
756 8 0
756 9 9
756 10 6
757 1 6
757 2 9
757 3 0
757 4 0
757 5 6
757 6 7
757 7 9
757 8 0
757 9 0
757 10 9
758 1 0
758 2 8
758 3 8
758 4 7
758 5 7
758 6 0
758 7 0
758 8 9
758 9 0
758 10 8
759 1 9
759 2 7
759 3 7
759 4 9
759 5 0
759 6 7
759 7 9
759 8 9
759 9 8
759 10 9
760 1 9
760 2 0
760 3 0
760 4 0
760 5 0
760 6 9
760 7 0
760 8 8
760 9 8
760 10 8
761 1 9
761 2 7
761 3 6
761 4 0
761 5 0
761 6 8
761 7 0
761 8 0
761 9 0
761 10 9
762 1 8
762 2 6
762 3 0
762 4 7
762 5 0
762 6 0
762 7 7
762 8 0
762 9 0
762 10 0
763 1 7
763 2 9
763 3 8
763 4 7
763 5 8
763 6 8
763 7 6
763 8 9
763 9 8
763 10 0
764 1 0
764 2 9
764 3 0
764 4 9
764 5 9
764 6 9
764 7 6
764 8 0
764 9 6
764 10 9
765 1 8
765 2 6
765 3 8
765 4 8
765 5 0
765 6 0
765 7 9
765 8 8
765 9 9
765 10 9
766 1 0
766 2 7
766 3 9
766 4 7
766 5 7
766 6 9
766 7 8
766 8 6
766 9 7
766 10 0
767 1 7
767 2 0
767 3 8
767 4 0
767 5 0
767 6 0
767 7 7
767 8 0
767 9 9
767 10 6
768 1 0
768 2 0
768 3 6
768 4 9
768 5 0
768 6 9
768 7 0
768 8 8
768 9 6
768 10 7
769 1 7
769 2 8
769 3 0
769 4 7
769 5 6
769 6 0
769 7 7
769 8 6
769 9 6
769 10 0
770 1 8
770 2 0
770 3 7
770 4 7
770 5 7
770 6 8
770 7 0
770 8 8
770 9 6
770 10 0
771 1 8
771 2 8
771 3 0
771 4 7
771 5 0
771 6 0
771 7 0
771 8 9
771 9 0
771 10 0
772 1 0
772 2 0
772 3 9
772 4 9
772 5 8
772 6 0
772 7 0
772 8 0
772 9 6
772 10 7
773 1 7
773 2 7
773 3 6
773 4 0
773 5 9
773 6 8
773 7 7
773 8 0
773 9 8
773 10 0
774 1 0
774 2 6
774 3 0
774 4 8
774 5 0
774 6 7
774 7 0
774 8 8
774 9 9
774 10 0
775 1 0
775 2 7
775 3 7
775 4 0
775 5 0
775 6 7
775 7 0
775 8 0
775 9 9
775 10 8
776 1 7
776 2 0
776 3 0
776 4 0
776 5 0
776 6 0
776 7 0
776 8 6
776 9 8
776 10 0
777 1 9
777 2 9
777 3 0
777 4 8
777 5 0
777 6 0
777 7 8
777 8 0
777 9 8
777 10 0
778 1 6
778 2 9
778 3 8
778 4 0
778 5 0
778 6 0
778 7 7
778 8 0
778 9 6
778 10 9
779 1 9
779 2 7
779 3 0
779 4 8
779 5 7
779 6 0
779 7 7
779 8 7
779 9 6
779 10 0
780 1 7
780 2 0
780 3 9
780 4 8
780 5 8
780 6 7
780 7 0
780 8 0
780 9 0
780 10 6
781 1 6
781 2 9
781 3 7
781 4 0
781 5 8
781 6 6
781 7 9
781 8 6
781 9 8
781 10 6
782 1 0
782 2 7
782 3 0
782 4 8
782 5 9
782 6 7
782 7 0
782 8 9
782 9 0
782 10 0
783 1 9
783 2 0
783 3 0
783 4 0
783 5 7
783 6 9
783 7 0
783 8 9
783 9 9
783 10 7
784 1 8
784 2 0
784 3 8
784 4 7
784 5 6
784 6 7
784 7 0
784 8 6
784 9 9
784 10 9
785 1 6
785 2 8
785 3 8
785 4 9
785 5 8
785 6 0
785 7 7
785 8 7
785 9 0
785 10 7
786 1 0
786 2 9
786 3 0
786 4 0
786 5 0
786 6 9
786 7 0
786 8 9
786 9 8
786 10 9
787 1 7
787 2 0
787 3 9
787 4 6
787 5 0
787 6 9
787 7 0
787 8 0
787 9 8
787 10 7
788 1 7
788 2 8
788 3 6
788 4 0
788 5 7
788 6 0
788 7 6
788 8 6
788 9 0
788 10 0
789 1 7
789 2 0
789 3 8
789 4 7
789 5 8
789 6 9
789 7 9
789 8 0
789 9 0
789 10 8
790 1 8
790 2 0
790 3 6
790 4 0
790 5 9
790 6 9
790 7 8
790 8 0
790 9 0
790 10 9
791 1 0
791 2 0
791 3 0
791 4 7
791 5 0
791 6 0
791 7 8
791 8 0
791 9 7
791 10 0
792 1 0
792 2 7
792 3 7
792 4 0
792 5 0
792 6 6
792 7 8
792 8 6
792 9 7
792 10 6
793 1 9
793 2 6
793 3 0
793 4 8
793 5 8
793 6 8
793 7 6
793 8 0
793 9 0
793 10 7
794 1 8
794 2 0
794 3 0
794 4 6
794 5 0
794 6 7
794 7 8
794 8 7
794 9 8
794 10 9
795 1 7
795 2 9
795 3 0
795 4 8
795 5 6
795 6 0
795 7 7
795 8 0
795 9 0
795 10 0
796 1 0
796 2 0
796 3 9
796 4 7
796 5 0
796 6 0
796 7 9
796 8 0
796 9 6
796 10 8
797 1 7
797 2 7
797 3 8
797 4 0
797 5 8
797 6 6
797 7 0
797 8 8
797 9 7
797 10 9
798 1 8
798 2 6
798 3 7
798 4 6
798 5 0
798 6 0
798 7 9
798 8 9
798 9 8
798 10 0
799 1 0
799 2 7
799 3 8
799 4 8
799 5 8
799 6 6
799 7 7
799 8 7
799 9 0
799 10 7
800 1 7
800 2 7
800 3 6
800 4 8
800 5 0
800 6 0
800 7 9
800 8 0
800 9 7
800 10 9
801 1 6
801 2 0
801 3 0
801 4 0
801 5 8
801 6 0
801 7 9
801 8 7
801 9 8
801 10 6
802 1 7
802 2 0
802 3 8
802 4 6
802 5 9
802 6 9
802 7 0
802 8 8
802 9 8
802 10 7
803 1 8
803 2 6
803 3 7
803 4 7
803 5 6
803 6 9
803 7 0
803 8 9
803 9 9
803 10 0
804 1 7
804 2 6
804 3 8
804 4 0
804 5 0
804 6 0
804 7 0
804 8 0
804 9 9
804 10 8
805 1 8
805 2 8
805 3 8
805 4 8
805 5 0
805 6 9
805 7 6
805 8 0
805 9 0
805 10 8
806 1 9
806 2 8
806 3 6
806 4 8
806 5 8
806 6 0
806 7 6
806 8 0
806 9 8
806 10 8
807 1 7
807 2 0
807 3 7
807 4 7
807 5 0
807 6 7
807 7 6
807 8 0
807 9 6
807 10 0
808 1 7
808 2 0
808 3 7
808 4 0
808 5 9
808 6 0
808 7 0
808 8 8
808 9 0
808 10 9
809 1 8
809 2 8
809 3 0
809 4 7
809 5 0
809 6 9
809 7 7
809 8 0
809 9 7
809 10 8
810 1 9
810 2 0
810 3 8
810 4 0
810 5 0
810 6 0
810 7 9
810 8 7
810 9 9
810 10 7
811 1 9
811 2 8
811 3 0
811 4 0
811 5 9
811 6 0
811 7 7
811 8 8
811 9 7
811 10 9
812 1 9
812 2 6
812 3 9
812 4 8
812 5 0
812 6 7
812 7 0
812 8 0
812 9 7
812 10 0
813 1 6
813 2 9
813 3 8
813 4 0
813 5 8
813 6 8
813 7 9
813 8 7
813 9 0
813 10 9
814 1 0
814 2 0
814 3 7
814 4 8
814 5 0
814 6 8
814 7 8
814 8 0
814 9 0
814 10 0
815 1 0
815 2 9
815 3 0
815 4 9
815 5 9
815 6 7
815 7 6
815 8 0
815 9 0
815 10 0
816 1 0
816 2 6
816 3 0
816 4 9
816 5 7
816 6 8
816 7 0
816 8 9
816 9 7
816 10 0
817 1 0
817 2 0
817 3 9
817 4 9
817 5 9
817 6 9
817 7 7
817 8 0
817 9 0
817 10 0
818 1 9
818 2 9
818 3 0
818 4 0
818 5 0
818 6 9
818 7 0
818 8 8
818 9 9
818 10 9
819 1 0
819 2 7
819 3 9
819 4 0
819 5 0
819 6 8
819 7 7
819 8 9
819 9 7
819 10 0
820 1 7
820 2 0
820 3 6
820 4 9
820 5 8
820 6 9
820 7 8
820 8 9
820 9 9
820 10 0
821 1 0
821 2 0
821 3 0
821 4 6
821 5 6
821 6 0
821 7 0
821 8 6
821 9 9
821 10 8
822 1 0
822 2 0
822 3 0
822 4 0
822 5 9
822 6 7
822 7 9
822 8 0
822 9 9
822 10 8
823 1 6
823 2 0
823 3 9
823 4 0
823 5 6
823 6 9
823 7 7
823 8 8
823 9 0
823 10 0
824 1 0
824 2 0
824 3 7
824 4 0
824 5 9
824 6 0
824 7 0
824 8 9
824 9 6
824 10 9
825 1 0
825 2 0
825 3 0
825 4 7
825 5 8
825 6 9
825 7 8
825 8 7
825 9 6
825 10 7
826 1 0
826 2 6
826 3 6
826 4 0
826 5 8
826 6 0
826 7 0
826 8 7
826 9 6
826 10 7
827 1 0
827 2 7
827 3 0
827 4 9
827 5 0
827 6 8
827 7 7
827 8 0
827 9 9
827 10 0
828 1 0
828 2 0
828 3 9
828 4 9
828 5 0
828 6 0
828 7 8
828 8 6
828 9 8
828 10 0
829 1 7
829 2 0
829 3 8
829 4 8
829 5 9
829 6 6
829 7 7
829 8 8
829 9 7
829 10 7
830 1 6
830 2 9
830 3 9
830 4 8
830 5 0
830 6 7
830 7 0
830 8 9
830 9 7
830 10 8
831 1 6
831 2 8
831 3 6
831 4 7
831 5 7
831 6 0
831 7 0
831 8 0
831 9 7
831 10 9
832 1 9
832 2 0
832 3 9
832 4 7
832 5 6
832 6 6
832 7 0
832 8 6
832 9 0
832 10 7
833 1 7
833 2 0
833 3 7
833 4 0
833 5 8
833 6 0
833 7 8
833 8 0
833 9 8
833 10 7
834 1 7
834 2 8
834 3 6
834 4 0
834 5 7
834 6 0
834 7 9
834 8 0
834 9 0
834 10 0
835 1 9
835 2 6
835 3 6
835 4 8
835 5 9
835 6 0
835 7 0
835 8 7
835 9 0
835 10 9
836 1 9
836 2 7
836 3 0
836 4 0
836 5 6
836 6 0
836 7 6
836 8 0
836 9 9
836 10 0
837 1 8
837 2 8
837 3 0
837 4 7
837 5 8
837 6 9
837 7 8
837 8 0
837 9 7
837 10 0
838 1 9
838 2 0
838 3 8
838 4 9
838 5 0
838 6 7
838 7 0
838 8 7
838 9 6
838 10 9
839 1 8
839 2 0
839 3 7
839 4 0
839 5 7
839 6 9
839 7 6
839 8 6
839 9 0
839 10 8
840 1 8
840 2 0
840 3 9
840 4 0
840 5 7
840 6 6
840 7 7
840 8 7
840 9 6
840 10 0
841 1 9
841 2 6
841 3 0
841 4 0
841 5 0
841 6 0
841 7 0
841 8 9
841 9 0
841 10 6
842 1 0
842 2 0
842 3 8
842 4 0
842 5 9
842 6 7
842 7 0
842 8 9
842 9 9
842 10 8
843 1 0
843 2 9
843 3 9
843 4 0
843 5 9
843 6 0
843 7 0
843 8 8
843 9 8
843 10 0
844 1 6
844 2 9
844 3 9
844 4 7
844 5 7
844 6 0
844 7 9
844 8 8
844 9 0
844 10 7
845 1 0
845 2 0
845 3 9
845 4 0
845 5 9
845 6 8
845 7 0
845 8 8
845 9 7
845 10 6
846 1 7
846 2 0
846 3 6
846 4 7
846 5 0
846 6 0
846 7 6
846 8 7
846 9 8
846 10 9
847 1 0
847 2 6
847 3 9
847 4 7
847 5 6
847 6 7
847 7 9
847 8 0
847 9 0
847 10 9
848 1 6
848 2 8
848 3 0
848 4 6
848 5 8
848 6 8
848 7 7
848 8 6
848 9 8
848 10 0
849 1 8
849 2 0
849 3 7
849 4 7
849 5 7
849 6 8
849 7 6
849 8 6
849 9 0
849 10 8
850 1 6
850 2 8
850 3 0
850 4 7
850 5 6
850 6 0
850 7 8
850 8 0
850 9 6
850 10 0
851 1 0
851 2 7
851 3 6
851 4 0
851 5 6
851 6 9
851 7 0
851 8 6
851 9 9
851 10 9
852 1 9
852 2 0
852 3 7
852 4 0
852 5 0
852 6 7
852 7 9
852 8 7
852 9 0
852 10 9
853 1 8
853 2 7
853 3 0
853 4 8
853 5 9
853 6 6
853 7 6
853 8 6
853 9 7
853 10 0
854 1 9
854 2 9
854 3 0
854 4 0
854 5 0
854 6 7
854 7 9
854 8 6
854 9 0
854 10 0
855 1 7
855 2 0
855 3 9
855 4 9
855 5 0
855 6 8
855 7 9
855 8 7
855 9 6
855 10 0
856 1 9
856 2 8
856 3 8
856 4 8
856 5 6
856 6 0
856 7 8
856 8 7
856 9 8
856 10 8
857 1 7
857 2 7
857 3 8
857 4 0
857 5 9
857 6 8
857 7 7
857 8 8
857 9 0
857 10 7
858 1 9
858 2 6
858 3 6
858 4 0
858 5 9
858 6 0
858 7 0
858 8 6
858 9 8
858 10 7
859 1 8
859 2 6
859 3 6
859 4 8
859 5 7
859 6 9
859 7 0
859 8 7
859 9 8
859 10 9
860 1 0
860 2 0
860 3 0
860 4 7
860 5 7
860 6 6
860 7 8
860 8 6
860 9 8
860 10 6
861 1 0
861 2 0
861 3 9
861 4 9
861 5 6
861 6 0
861 7 0
861 8 7
861 9 0
861 10 7
862 1 0
862 2 6
862 3 0
862 4 7
862 5 9
862 6 0
862 7 6
862 8 8
862 9 9
862 10 0
863 1 9
863 2 7
863 3 7
863 4 0
863 5 0
863 6 9
863 7 6
863 8 8
863 9 7
863 10 0
864 1 9
864 2 0
864 3 0
864 4 9
864 5 9
864 6 7
864 7 0
864 8 8
864 9 7
864 10 9
865 1 6
865 2 0
865 3 8
865 4 0
865 5 8
865 6 0
865 7 8
865 8 0
865 9 9
865 10 7
866 1 9
866 2 0
866 3 9
866 4 0
866 5 0
866 6 6
866 7 0
866 8 0
866 9 6
866 10 8
867 1 9
867 2 0
867 3 0
867 4 8
867 5 7
867 6 6
867 7 9
867 8 6
867 9 8
867 10 7
868 1 8
868 2 7
868 3 9
868 4 8
868 5 9
868 6 8
868 7 0
868 8 8
868 9 7
868 10 8
869 1 0
869 2 7
869 3 0
869 4 8
869 5 0
869 6 7
869 7 0
869 8 6
869 9 8
869 10 0
870 1 7
870 2 0
870 3 8
870 4 9
870 5 7
870 6 9
870 7 7
870 8 8
870 9 0
870 10 9
871 1 9
871 2 7
871 3 8
871 4 0
871 5 8
871 6 0
871 7 8
871 8 0
871 9 9
871 10 0
872 1 6
872 2 7
872 3 9
872 4 0
872 5 7
872 6 9
872 7 8
872 8 0
872 9 0
872 10 7
873 1 7
873 2 7
873 3 9
873 4 0
873 5 0
873 6 7
873 7 8
873 8 7
873 9 9
873 10 8
874 1 6
874 2 6
874 3 7
874 4 9
874 5 0
874 6 0
874 7 9
874 8 0
874 9 8
874 10 7
875 1 0
875 2 7
875 3 8
875 4 0
875 5 0
875 6 0
875 7 9
875 8 0
875 9 7
875 10 0
876 1 7
876 2 9
876 3 7
876 4 8
876 5 0
876 6 8
876 7 0
876 8 7
876 9 0
876 10 9
877 1 0
877 2 0
877 3 0
877 4 0
877 5 0
877 6 0
877 7 0
877 8 7
877 9 0
877 10 9
878 1 9
878 2 6
878 3 0
878 4 0
878 5 0
878 6 0
878 7 8
878 8 9
878 9 0
878 10 9
879 1 0
879 2 8
879 3 9
879 4 0
879 5 6
879 6 0
879 7 0
879 8 0
879 9 0
879 10 8
880 1 0
880 2 7
880 3 9
880 4 9
880 5 0
880 6 9
880 7 0
880 8 0
880 9 9
880 10 0
881 1 9
881 2 0
881 3 0
881 4 8
881 5 7
881 6 0
881 7 7
881 8 0
881 9 8
881 10 6
882 1 0
882 2 0
882 3 0
882 4 0
882 5 0
882 6 7
882 7 6
882 8 8
882 9 0
882 10 8
883 1 8
883 2 7
883 3 9
883 4 0
883 5 0
883 6 8
883 7 8
883 8 0
883 9 6
883 10 9
884 1 9
884 2 0
884 3 0
884 4 0
884 5 0
884 6 0
884 7 0
884 8 9
884 9 6
884 10 0
885 1 0
885 2 0
885 3 6
885 4 0
885 5 9
885 6 0
885 7 6
885 8 9
885 9 6
885 10 8
886 1 6
886 2 9
886 3 0
886 4 8
886 5 6
886 6 9
886 7 0
886 8 0
886 9 0
886 10 0
887 1 6
887 2 7
887 3 8
887 4 0
887 5 7
887 6 0
887 7 6
887 8 0
887 9 7
887 10 0
888 1 8
888 2 0
888 3 0
888 4 6
888 5 0
888 6 0
888 7 6
888 8 0
888 9 0
888 10 0
889 1 6
889 2 6
889 3 9
889 4 9
889 5 9
889 6 9
889 7 6
889 8 6
889 9 7
889 10 9
890 1 0
890 2 9
890 3 7
890 4 0
890 5 8
890 6 8
890 7 9
890 8 7
890 9 7
890 10 9
891 1 7
891 2 9
891 3 0
891 4 0
891 5 0
891 6 9
891 7 9
891 8 0
891 9 6
891 10 8
892 1 0
892 2 0
892 3 7
892 4 0
892 5 0
892 6 9
892 7 0
892 8 0
892 9 9
892 10 6
893 1 0
893 2 0
893 3 7
893 4 8
893 5 8
893 6 8
893 7 9
893 8 9
893 9 0
893 10 7
894 1 0
894 2 0
894 3 9
894 4 9
894 5 7
894 6 0
894 7 8
894 8 8
894 9 0
894 10 8
895 1 6
895 2 0
895 3 0
895 4 0
895 5 6
895 6 0
895 7 0
895 8 6
895 9 0
895 10 0
896 1 0
896 2 9
896 3 7
896 4 8
896 5 6
896 6 6
896 7 0
896 8 8
896 9 0
896 10 6
897 1 9
897 2 0
897 3 0
897 4 8
897 5 9
897 6 6
897 7 0
897 8 0
897 9 9
897 10 0
898 1 0
898 2 0
898 3 0
898 4 6
898 5 0
898 6 8
898 7 0
898 8 0
898 9 0
898 10 0
899 1 9
899 2 7
899 3 7
899 4 7
899 5 0
899 6 7
899 7 0
899 8 0
899 9 8
899 10 9
900 1 0
900 2 9
900 3 0
900 4 6
900 5 0
900 6 9
900 7 7
900 8 0
900 9 9
900 10 0
901 1 0
901 2 0
901 3 9
901 4 8
901 5 6
901 6 6
901 7 7
901 8 0
901 9 0
901 10 0
902 1 7
902 2 8
902 3 0
902 4 8
902 5 0
902 6 0
902 7 0
902 8 8
902 9 6
902 10 6
903 1 0
903 2 9
903 3 9
903 4 0
903 5 7
903 6 6
903 7 7
903 8 7
903 9 7
903 10 9
904 1 0
904 2 9
904 3 9
904 4 7
904 5 7
904 6 0
904 7 6
904 8 9
904 9 6
904 10 7
905 1 0
905 2 0
905 3 0
905 4 7
905 5 7
905 6 9
905 7 0
905 8 0
905 9 9
905 10 0
906 1 7
906 2 0
906 3 7
906 4 9
906 5 0
906 6 6
906 7 0
906 8 0
906 9 8
906 10 0
907 1 7
907 2 0
907 3 6
907 4 8
907 5 7
907 6 7
907 7 7
907 8 0
907 9 9
907 10 6
908 1 9
908 2 9
908 3 6
908 4 0
908 5 0
908 6 0
908 7 0
908 8 8
908 9 9
908 10 7
909 1 0
909 2 8
909 3 9
909 4 9
909 5 9
909 6 9
909 7 8
909 8 8
909 9 0
909 10 8
910 1 8
910 2 7
910 3 9
910 4 0
910 5 0
910 6 0
910 7 0
910 8 0
910 9 0
910 10 6
911 1 0
911 2 7
911 3 0
911 4 0
911 5 9
911 6 9
911 7 7
911 8 8
911 9 7
911 10 0
912 1 8
912 2 0
912 3 0
912 4 0
912 5 9
912 6 0
912 7 8
912 8 9
912 9 8
912 10 8
913 1 8
913 2 7
913 3 0
913 4 7
913 5 9
913 6 0
913 7 6
913 8 0
913 9 6
913 10 7
914 1 8
914 2 0
914 3 0
914 4 7
914 5 9
914 6 0
914 7 0
914 8 7
914 9 9
914 10 0
915 1 9
915 2 0
915 3 8
915 4 8
915 5 9
915 6 9
915 7 7
915 8 0
915 9 0
915 10 8
916 1 0
916 2 8
916 3 7
916 4 6
916 5 0
916 6 7
916 7 6
916 8 7
916 9 6
916 10 0
917 1 0
917 2 9
917 3 6
917 4 8
917 5 0
917 6 9
917 7 9
917 8 6
917 9 0
917 10 9
918 1 0
918 2 9
918 3 0
918 4 0
918 5 0
918 6 0
918 7 6
918 8 0
918 9 0
918 10 0
919 1 7
919 2 8
919 3 9
919 4 0
919 5 8
919 6 9
919 7 6
919 8 0
919 9 0
919 10 7
920 1 6
920 2 7
920 3 7
920 4 9
920 5 9
920 6 8
920 7 6
920 8 6
920 9 9
920 10 0
921 1 7
921 2 8
921 3 8
921 4 6
921 5 7
921 6 7
921 7 8
921 8 0
921 9 7
921 10 0
922 1 7
922 2 0
922 3 9
922 4 8
922 5 8
922 6 7
922 7 0
922 8 8
922 9 8
922 10 8
923 1 8
923 2 7
923 3 0
923 4 8
923 5 7
923 6 8
923 7 8
923 8 6
923 9 9
923 10 9
924 1 8
924 2 7
924 3 0
924 4 0
924 5 6
924 6 7
924 7 0
924 8 0
924 9 0
924 10 0
925 1 9
925 2 7
925 3 6
925 4 8
925 5 8
925 6 0
925 7 9
925 8 6
925 9 6
925 10 8
926 1 0
926 2 0
926 3 0
926 4 7
926 5 6
926 6 9
926 7 6
926 8 8
926 9 0
926 10 0
927 1 6
927 2 7
927 3 6
927 4 6
927 5 0
927 6 7
927 7 9
927 8 0
927 9 0
927 10 6
928 1 7
928 2 9
928 3 0
928 4 9
928 5 9
928 6 7
928 7 0
928 8 8
928 9 0
928 10 8
929 1 0
929 2 8
929 3 8
929 4 8
929 5 6
929 6 9
929 7 0
929 8 9
929 9 0
929 10 0
930 1 0
930 2 0
930 3 0
930 4 9
930 5 6
930 6 9
930 7 0
930 8 0
930 9 9
930 10 0
931 1 0
931 2 0
931 3 0
931 4 0
931 5 0
931 6 0
931 7 8
931 8 6
931 9 9
931 10 0
932 1 0
932 2 7
932 3 7
932 4 0
932 5 6
932 6 0
932 7 6
932 8 0
932 9 6
932 10 0
933 1 7
933 2 0
933 3 9
933 4 0
933 5 0
933 6 7
933 7 7
933 8 0
933 9 6
933 10 0
934 1 9
934 2 8
934 3 9
934 4 7
934 5 8
934 6 7
934 7 0
934 8 6
934 9 9
934 10 9
935 1 7
935 2 8
935 3 9
935 4 7
935 5 8
935 6 0
935 7 0
935 8 0
935 9 8
935 10 0
936 1 6
936 2 0
936 3 9
936 4 8
936 5 0
936 6 0
936 7 8
936 8 8
936 9 9
936 10 0
937 1 8
937 2 0
937 3 8
937 4 9
937 5 9
937 6 7
937 7 0
937 8 9
937 9 7
937 10 9
938 1 6
938 2 7
938 3 0
938 4 9
938 5 0
938 6 0
938 7 9
938 8 7
938 9 7
938 10 6
939 1 9
939 2 0
939 3 7
939 4 0
939 5 0
939 6 9
939 7 8
939 8 0
939 9 9
939 10 8
940 1 6
940 2 9
940 3 9
940 4 0
940 5 0
940 6 7
940 7 6
940 8 9
940 9 0
940 10 8
941 1 9
941 2 9
941 3 0
941 4 0
941 5 0
941 6 9
941 7 8
941 8 9
941 9 8
941 10 0
942 1 6
942 2 6
942 3 9
942 4 9
942 5 9
942 6 0
942 7 8
942 8 8
942 9 0
942 10 8
943 1 0
943 2 9
943 3 8
943 4 9
943 5 0
943 6 0
943 7 6
943 8 7
943 9 7
943 10 9
944 1 7
944 2 8
944 3 9
944 4 8
944 5 7
944 6 0
944 7 8
944 8 7
944 9 0
944 10 0
945 1 7
945 2 8
945 3 0
945 4 0
945 5 6
945 6 7
945 7 0
945 8 8
945 9 6
945 10 9
946 1 0
946 2 7
946 3 0
946 4 9
946 5 9
946 6 0
946 7 0
946 8 6
946 9 0
946 10 6
947 1 6
947 2 0
947 3 0
947 4 0
947 5 9
947 6 8
947 7 0
947 8 9
947 9 8
947 10 8
948 1 0
948 2 8
948 3 8
948 4 9
948 5 0
948 6 6
948 7 0
948 8 8
948 9 9
948 10 7
949 1 6
949 2 7
949 3 0
949 4 7
949 5 6
949 6 6
949 7 0
949 8 7
949 9 0
949 10 9
950 1 9
950 2 0
950 3 0
950 4 8
950 5 8
950 6 9
950 7 8
950 8 6
950 9 6
950 10 9
951 1 0
951 2 7
951 3 9
951 4 9
951 5 8
951 6 9
951 7 8
951 8 8
951 9 9
951 10 9
952 1 8
952 2 8
952 3 0
952 4 9
952 5 8
952 6 9
952 7 8
952 8 8
952 9 9
952 10 7
953 1 8
953 2 0
953 3 0
953 4 7
953 5 0
953 6 7
953 7 0
953 8 7
953 9 6
953 10 0
954 1 8
954 2 0
954 3 0
954 4 0
954 5 0
954 6 7
954 7 0
954 8 6
954 9 9
954 10 7
955 1 7
955 2 0
955 3 6
955 4 8
955 5 7
955 6 0
955 7 0
955 8 0
955 9 8
955 10 0
956 1 8
956 2 0
956 3 9
956 4 8
956 5 6
956 6 0
956 7 8
956 8 0
956 9 8
956 10 7
957 1 0
957 2 6
957 3 8
957 4 8
957 5 6
957 6 8
957 7 7
957 8 8
957 9 0
957 10 0
958 1 0
958 2 7
958 3 8
958 4 0
958 5 0
958 6 7
958 7 8
958 8 0
958 9 8
958 10 7
959 1 8
959 2 8
959 3 0
959 4 0
959 5 7
959 6 6
959 7 7
959 8 0
959 9 0
959 10 0
960 1 8
960 2 6
960 3 0
960 4 0
960 5 0
960 6 0
960 7 7
960 8 0
960 9 9
960 10 0
961 1 0
961 2 8
961 3 9
961 4 0
961 5 0
961 6 7
961 7 8
961 8 7
961 9 0
961 10 7
962 1 0
962 2 8
962 3 8
962 4 6
962 5 0
962 6 9
962 7 9
962 8 0
962 9 0
962 10 0
963 1 0
963 2 9
963 3 8
963 4 8
963 5 8
963 6 9
963 7 6
963 8 9
963 9 7
963 10 8
964 1 0
964 2 9
964 3 9
964 4 8
964 5 9
964 6 9
964 7 9
964 8 0
964 9 0
964 10 8
965 1 0
965 2 6
965 3 6
965 4 8
965 5 8
965 6 0
965 7 0
965 8 0
965 9 8
965 10 9
966 1 0
966 2 9
966 3 7
966 4 6
966 5 9
966 6 6
966 7 6
966 8 9
966 9 0
966 10 8
967 1 0
967 2 7
967 3 0
967 4 6
967 5 0
967 6 9
967 7 0
967 8 0
967 9 8
967 10 0
968 1 8
968 2 8
968 3 0
968 4 9
968 5 9
968 6 7
968 7 0
968 8 7
968 9 7
968 10 0
969 1 8
969 2 8
969 3 8
969 4 9
969 5 6
969 6 8
969 7 0
969 8 6
969 9 7
969 10 0
970 1 6
970 2 8
970 3 6
970 4 8
970 5 0
970 6 7
970 7 0
970 8 7
970 9 7
970 10 0
971 1 0
971 2 0
971 3 9
971 4 9
971 5 0
971 6 0
971 7 8
971 8 6
971 9 0
971 10 0
972 1 6
972 2 9
972 3 7
972 4 0
972 5 8
972 6 8
972 7 9
972 8 0
972 9 9
972 10 8
973 1 0
973 2 0
973 3 0
973 4 0
973 5 0
973 6 7
973 7 6
973 8 6
973 9 0
973 10 0
974 1 7
974 2 7
974 3 7
974 4 0
974 5 9
974 6 0
974 7 9
974 8 7
974 9 0
974 10 6
975 1 7
975 2 0
975 3 7
975 4 0
975 5 9
975 6 0
975 7 8
975 8 6
975 9 0
975 10 9
976 1 6
976 2 9
976 3 6
976 4 9
976 5 0
976 6 7
976 7 6
976 8 7
976 9 6
976 10 0
977 1 8
977 2 7
977 3 6
977 4 8
977 5 6
977 6 8
977 7 8
977 8 6
977 9 6
977 10 8
978 1 8
978 2 7
978 3 8
978 4 7
978 5 0
978 6 7
978 7 7
978 8 6
978 9 9
978 10 6
979 1 7
979 2 8
979 3 0
979 4 0
979 5 0
979 6 7
979 7 0
979 8 0
979 9 7
979 10 0
980 1 0
980 2 6
980 3 9
980 4 9
980 5 0
980 6 8
980 7 0
980 8 8
980 9 0
980 10 0
981 1 0
981 2 0
981 3 9
981 4 9
981 5 8
981 6 0
981 7 9
981 8 7
981 9 0
981 10 8
982 1 7
982 2 0
982 3 8
982 4 8
982 5 7
982 6 8
982 7 0
982 8 7
982 9 8
982 10 8
983 1 0
983 2 7
983 3 9
983 4 7
983 5 8
983 6 8
983 7 8
983 8 6
983 9 0
983 10 8
984 1 0
984 2 8
984 3 7
984 4 6
984 5 0
984 6 6
984 7 9
984 8 7
984 9 8
984 10 7
985 1 0
985 2 0
985 3 9
985 4 7
985 5 0
985 6 8
985 7 7
985 8 0
985 9 0
985 10 9
986 1 0
986 2 9
986 3 8
986 4 0
986 5 8
986 6 6
986 7 0
986 8 9
986 9 6
986 10 0
987 1 0
987 2 8
987 3 6
987 4 0
987 5 8
987 6 8
987 7 0
987 8 8
987 9 0
987 10 9
988 1 0
988 2 9
988 3 0
988 4 0
988 5 6
988 6 8
988 7 8
988 8 0
988 9 6
988 10 0
989 1 8
989 2 0
989 3 8
989 4 7
989 5 0
989 6 0
989 7 8
989 8 8
989 9 0
989 10 9
990 1 0
990 2 8
990 3 0
990 4 0
990 5 0
990 6 0
990 7 0
990 8 8
990 9 8
990 10 9
991 1 8
991 2 0
991 3 9
991 4 0
991 5 9
991 6 9
991 7 0
991 8 6
991 9 7
991 10 7
992 1 0
992 2 8
992 3 6
992 4 6
992 5 8
992 6 9
992 7 6
992 8 7
992 9 6
992 10 9
993 1 0
993 2 0
993 3 0
993 4 0
993 5 0
993 6 9
993 7 0
993 8 0
993 9 9
993 10 9
994 1 8
994 2 9
994 3 6
994 4 7
994 5 7
994 6 9
994 7 9
994 8 7
994 9 0
994 10 9
995 1 0
995 2 9
995 3 0
995 4 6
995 5 0
995 6 6
995 7 9
995 8 0
995 9 8
995 10 0
996 1 7
996 2 0
996 3 8
996 4 0
996 5 9
996 6 9
996 7 6
996 8 0
996 9 7
996 10 0
997 1 0
997 2 8
997 3 8
997 4 7
997 5 8
997 6 8
997 7 7
997 8 0
997 9 8
997 10 0
998 1 9
998 2 0
998 3 7
998 4 6
998 5 8
998 6 0
998 7 8
998 8 0
998 9 0
998 10 7
999 1 8
999 2 7
999 3 7
999 4 8
999 5 0
999 6 7
999 7 0
999 8 8
999 9 7
999 10 0
1000 1 7
1000 2 0
1000 3 6
1000 4 9
1000 5 7
1000 6 0
1000 7 9
1000 8 7
1000 9 6
1000 10 8
