10
1000
1 1 8
1 2 8
1 3 8
1 4 7
1 5 9
1 6 9
1 7 7
1 8 6
1 9 7
1 10 7
2 1 7
2 2 6
2 3 6
2 4 8
2 5 6
2 6 9
2 7 6
2 8 9
2 9 9
2 10 6
3 1 8
3 2 9
3 3 7
3 4 9
3 5 9
3 6 9
3 7 8
3 8 6
3 9 8
3 10 8
4 1 9
4 2 8
4 3 7
4 4 8
4 5 7
4 6 9
4 7 7
4 8 6
4 9 7
4 10 9
5 1 9
5 2 6
5 3 8
5 4 8
5 5 6
5 6 7
5 7 7
5 8 7
5 9 7
5 10 7
6 1 7
6 2 8
6 3 9
6 4 6
6 5 7
6 6 8
6 7 9
6 8 7
6 9 7
6 10 7
7 1 7
7 2 7
7 3 9
7 4 7
7 5 7
7 6 7
7 7 7
7 8 8
7 9 7
7 10 6
8 1 9
8 2 6
8 3 7
8 4 9
8 5 9
8 6 9
8 7 9
8 8 9
8 9 7
8 10 8
9 1 8
9 2 7
9 3 8
9 4 7
9 5 9
9 6 7
9 7 9
9 8 9
9 9 9
9 10 7
10 1 8
10 2 7
10 3 8
10 4 9
10 5 7
10 6 6
10 7 9
10 8 6
10 9 6
10 10 9
11 1 7
11 2 9
11 3 9
11 4 9
11 5 9
11 6 7
11 7 9
11 8 6
11 9 7
11 10 9
12 1 6
12 2 8
12 3 9
12 4 7
12 5 7
12 6 7
12 7 9
12 8 9
12 9 8
12 10 7
13 1 6
13 2 9
13 3 8
13 4 9
13 5 7
13 6 6
13 7 9
13 8 7
13 9 8
13 10 7
14 1 7
14 2 6
14 3 6
14 4 6
14 5 8
14 6 6
14 7 7
14 8 8
14 9 6
14 10 8
15 1 8
15 2 8
15 3 7
15 4 6
15 5 6
15 6 6
15 7 7
15 8 8
15 9 9
15 10 8
16 1 7
16 2 9
16 3 7
16 4 9
16 5 7
16 6 6
16 7 9
16 8 8
16 9 8
16 10 6
17 1 7
17 2 7
17 3 7
17 4 7
17 5 8
17 6 9
17 7 6
17 8 6
17 9 9
17 10 8
18 1 9
18 2 7
18 3 7
18 4 9
18 5 9
18 6 7
18 7 7
18 8 7
18 9 7
18 10 8
19 1 8
19 2 6
19 3 7
19 4 9
19 5 7
19 6 7
19 7 8
19 8 6
19 9 9
19 10 7
20 1 9
20 2 9
20 3 7
20 4 9
20 5 7
20 6 9
20 7 6
20 8 6
20 9 8
20 10 7
21 1 7
21 2 8
21 3 6
21 4 7
21 5 8
21 6 8
21 7 6
21 8 9
21 9 7
21 10 8
22 1 9
22 2 8
22 3 7
22 4 7
22 5 6
22 6 9
22 7 7
22 8 8
22 9 8
22 10 8
23 1 6
23 2 9
23 3 9
23 4 7
23 5 9
23 6 8
23 7 7
23 8 9
23 9 8
23 10 7
24 1 9
24 2 6
24 3 8
24 4 8
24 5 8
24 6 7
24 7 8
24 8 9
24 9 8
24 10 6
25 1 8
25 2 7
25 3 9
25 4 6
25 5 9
25 6 9
25 7 9
25 8 8
25 9 9
25 10 7
26 1 8
26 2 7
26 3 8
26 4 6
26 5 9
26 6 9
26 7 8
26 8 6
26 9 8
26 10 8
27 1 7
27 2 9
27 3 7
27 4 9
27 5 7
27 6 7
27 7 6
27 8 7
27 9 6
27 10 9
28 1 8
28 2 9
28 3 6
28 4 6
28 5 6
28 6 9
28 7 7
28 8 7
28 9 7
28 10 8
29 1 8
29 2 7
29 3 6
29 4 6
29 5 6
29 6 9
29 7 7
29 8 9
29 9 8
29 10 7
30 1 6
30 2 9
30 3 7
30 4 6
30 5 7
30 6 8
30 7 7
30 8 8
30 9 7
30 10 6
31 1 8
31 2 6
31 3 8
31 4 9
31 5 9
31 6 7
31 7 8
31 8 8
31 9 9
31 10 9
32 1 8
32 2 7
32 3 6
32 4 9
32 5 8
32 6 8
32 7 9
32 8 9
32 9 8
32 10 8
33 1 9
33 2 6
33 3 9
33 4 9
33 5 8
33 6 6
33 7 6
33 8 9
33 9 9
33 10 6
34 1 6
34 2 7
34 3 9
34 4 8
34 5 6
34 6 9
34 7 8
34 8 8
34 9 7
34 10 7
35 1 9
35 2 9
35 3 7
35 4 9
35 5 9
35 6 8
35 7 7
35 8 9
35 9 8
35 10 9
36 1 9
36 2 6
36 3 8
36 4 8
36 5 6
36 6 8
36 7 9
36 8 7
36 9 8
36 10 6
37 1 6
37 2 6
37 3 8
37 4 9
37 5 7
37 6 6
37 7 8
37 8 8
37 9 7
37 10 7
38 1 9
38 2 6
38 3 9
38 4 7
38 5 6
38 6 9
38 7 7
38 8 8
38 9 8
38 10 8
39 1 7
39 2 7
39 3 6
39 4 9
39 5 6
39 6 7
39 7 9
39 8 7
39 9 8
39 10 8
40 1 7
40 2 9
40 3 8
40 4 7
40 5 8
40 6 7
40 7 6
40 8 9
40 9 7
40 10 9
41 1 8
41 2 9
41 3 6
41 4 8
41 5 8
41 6 7
41 7 7
41 8 8
41 9 6
41 10 8
42 1 6
42 2 7
42 3 8
42 4 7
42 5 7
42 6 6
42 7 7
42 8 8
42 9 6
42 10 7
43 1 8
43 2 9
43 3 7
43 4 7
43 5 6
43 6 9
43 7 8
43 8 6
43 9 7
43 10 8
44 1 9
44 2 8
44 3 8
44 4 7
44 5 8
44 6 9
44 7 7
44 8 8
44 9 8
44 10 8
45 1 6
45 2 8
45 3 8
45 4 8
45 5 8
45 6 9
45 7 7
45 8 7
45 9 7
45 10 6
46 1 9
46 2 6
46 3 8
46 4 7
46 5 7
46 6 7
46 7 6
46 8 8
46 9 8
46 10 7
47 1 8
47 2 8
47 3 8
47 4 9
47 5 9
47 6 9
47 7 8
47 8 7
47 9 6
47 10 9
48 1 6
48 2 8
48 3 8
48 4 6
48 5 8
48 6 9
48 7 7
48 8 7
48 9 7
48 10 8
49 1 9
49 2 8
49 3 7
49 4 9
49 5 7
49 6 9
49 7 7
49 8 7
49 9 6
49 10 8
50 1 8
50 2 8
50 3 8
50 4 6
50 5 7
50 6 7
50 7 9
50 8 9
50 9 9
50 10 7
51 1 7
51 2 8
51 3 7
51 4 8
51 5 7
51 6 9
51 7 7
51 8 6
51 9 6
51 10 9
52 1 8
52 2 7
52 3 8
52 4 8
52 5 9
52 6 9
52 7 9
52 8 7
52 9 7
52 10 9
53 1 7
53 2 7
53 3 6
53 4 7
53 5 9
53 6 9
53 7 7
53 8 9
53 9 8
53 10 7
54 1 7
54 2 6
54 3 7
54 4 7
54 5 8
54 6 6
54 7 9
54 8 7
54 9 8
54 10 9
55 1 6
55 2 7
55 3 7
55 4 8
55 5 8
55 6 8
55 7 9
55 8 9
55 9 9
55 10 6
56 1 9
56 2 7
56 3 6
56 4 7
56 5 7
56 6 9
56 7 8
56 8 8
56 9 9
56 10 9
57 1 7
57 2 6
57 3 9
57 4 7
57 5 9
57 6 8
57 7 7
57 8 6
57 9 6
57 10 6
58 1 6
58 2 9
58 3 7
58 4 6
58 5 8
58 6 7
58 7 8
58 8 6
58 9 6
58 10 9
59 1 7
59 2 7
59 3 9
59 4 6
59 5 9
59 6 7
59 7 6
59 8 8
59 9 9
59 10 8
60 1 7
60 2 9
60 3 8
60 4 9
60 5 7
60 6 8
60 7 6
60 8 9
60 9 7
60 10 7
61 1 7
61 2 7
61 3 6
61 4 9
61 5 7
61 6 8
61 7 8
61 8 8
61 9 7
61 10 7
62 1 9
62 2 7
62 3 7
62 4 6
62 5 7
62 6 6
62 7 6
62 8 8
62 9 8
62 10 8
63 1 8
63 2 7
63 3 9
63 4 8
63 5 8
63 6 9
63 7 6
63 8 7
63 9 8
63 10 8
64 1 8
64 2 9
64 3 6
64 4 9
64 5 7
64 6 9
64 7 7
64 8 9
64 9 7
64 10 9
65 1 9
65 2 7
65 3 6
65 4 7
65 5 8
65 6 7
65 7 9
65 8 9
65 9 6
65 10 8
66 1 9
66 2 9
66 3 9
66 4 8
66 5 8
66 6 8
66 7 7
66 8 7
66 9 8
66 10 8
67 1 9
67 2 8
67 3 7
67 4 7
67 5 6
67 6 6
67 7 6
67 8 7
67 9 9
67 10 6
68 1 7
68 2 7
68 3 7
68 4 9
68 5 8
68 6 8
68 7 6
68 8 7
68 9 7
68 10 7
69 1 9
69 2 8
69 3 9
69 4 7
69 5 9
69 6 8
69 7 7
69 8 6
69 9 8
69 10 8
70 1 8
70 2 9
70 3 6
70 4 8
70 5 6
70 6 7
70 7 9
70 8 9
70 9 8
70 10 9
71 1 9
71 2 8
71 3 7
71 4 8
71 5 9
71 6 9
71 7 9
71 8 7
71 9 7
71 10 9
72 1 8
72 2 7
72 3 7
72 4 9
72 5 8
72 6 8
72 7 7
72 8 8
72 9 9
72 10 8
73 1 9
73 2 9
73 3 9
73 4 9
73 5 6
73 6 6
73 7 7
73 8 9
73 9 7
73 10 8
74 1 8
74 2 8
74 3 9
74 4 8
74 5 9
74 6 7
74 7 7
74 8 8
74 9 8
74 10 8
75 1 9
75 2 8
75 3 6
75 4 8
75 5 6
75 6 8
75 7 8
75 8 9
75 9 7
75 10 8
76 1 9
76 2 9
76 3 9
76 4 9
76 5 7
76 6 6
76 7 7
76 8 8
76 9 7
76 10 7
77 1 8
77 2 8
77 3 9
77 4 9
77 5 8
77 6 7
77 7 8
77 8 9
77 9 9
77 10 7
78 1 9
78 2 9
78 3 8
78 4 9
78 5 9
78 6 8
78 7 9
78 8 6
78 9 7
78 10 7
79 1 7
79 2 9
79 3 7
79 4 8
79 5 9
79 6 7
79 7 8
79 8 8
79 9 8
79 10 7
80 1 6
80 2 9
80 3 8
80 4 6
80 5 7
80 6 7
80 7 6
80 8 7
80 9 9
80 10 7
81 1 7
81 2 8
81 3 9
81 4 9
81 5 6
81 6 7
81 7 8
81 8 6
81 9 6
81 10 9
82 1 6
82 2 8
82 3 8
82 4 7
82 5 9
82 6 7
82 7 7
82 8 9
82 9 7
82 10 9
83 1 6
83 2 6
83 3 6
83 4 6
83 5 9
83 6 7
83 7 7
83 8 9
83 9 8
83 10 7
84 1 8
84 2 8
84 3 8
84 4 6
84 5 9
84 6 9
84 7 9
84 8 8
84 9 7
84 10 9
85 1 7
85 2 9
85 3 9
85 4 8
85 5 8
85 6 8
85 7 6
85 8 9
85 9 7
85 10 7
86 1 7
86 2 6
86 3 9
86 4 9
86 5 7
86 6 9
86 7 6
86 8 8
86 9 8
86 10 9
87 1 9
87 2 9
87 3 8
87 4 8
87 5 8
87 6 6
87 7 8
87 8 8
87 9 9
87 10 8
88 1 8
88 2 8
88 3 7
88 4 9
88 5 6
88 6 8
88 7 9
88 8 7
88 9 6
88 10 6
89 1 7
89 2 9
89 3 6
89 4 8
89 5 7
89 6 8
89 7 7
89 8 9
89 9 8
89 10 7
90 1 7
90 2 8
90 3 9
90 4 9
90 5 6
90 6 8
90 7 8
90 8 6
90 9 9
90 10 9
91 1 9
91 2 7
91 3 7
91 4 8
91 5 9
91 6 9
91 7 9
91 8 9
91 9 6
91 10 6
92 1 6
92 2 8
92 3 7
92 4 9
92 5 8
92 6 7
92 7 7
92 8 9
92 9 8
92 10 9
93 1 6
93 2 7
93 3 9
93 4 7
93 5 6
93 6 9
93 7 9
93 8 9
93 9 6
93 10 9
94 1 7
94 2 9
94 3 8
94 4 7
94 5 8
94 6 9
94 7 9
94 8 8
94 9 6
94 10 7
95 1 8
95 2 8
95 3 7
95 4 8
95 5 6
95 6 8
95 7 6
95 8 9
95 9 7
95 10 9
96 1 6
96 2 6
96 3 7
96 4 7
96 5 8
96 6 7
96 7 9
96 8 6
96 9 7
96 10 8
97 1 9
97 2 7
97 3 8
97 4 7
97 5 8
97 6 6
97 7 9
97 8 8
97 9 6
97 10 6
98 1 7
98 2 9
98 3 9
98 4 8
98 5 6
98 6 8
98 7 9
98 8 6
98 9 6
98 10 6
99 1 9
99 2 7
99 3 6
99 4 8
99 5 9
99 6 9
99 7 8
99 8 7
99 9 9
99 10 7
100 1 6
100 2 6
100 3 7
100 4 6
100 5 7
100 6 9
100 7 7
100 8 7
100 9 7
100 10 8
101 1 6
101 2 7
101 3 7
101 4 9
101 5 6
101 6 7
101 7 7
101 8 9
101 9 9
101 10 8
102 1 8
102 2 8
102 3 6
102 4 6
102 5 8
102 6 9
102 7 7
102 8 8
102 9 7
102 10 7
103 1 8
103 2 7
103 3 9
103 4 8
103 5 7
103 6 7
103 7 8
103 8 9
103 9 7
103 10 9
104 1 9
104 2 6
104 3 8
104 4 9
104 5 7
104 6 7
104 7 9
104 8 9
104 9 8
104 10 8
105 1 7
105 2 9
105 3 9
105 4 6
105 5 6
105 6 7
105 7 8
105 8 8
105 9 8
105 10 6
106 1 8
106 2 9
106 3 8
106 4 8
106 5 7
106 6 9
106 7 9
106 8 9
106 9 8
106 10 8
107 1 9
107 2 7
107 3 9
107 4 9
107 5 6
107 6 9
107 7 9
107 8 7
107 9 8
107 10 8
108 1 7
108 2 9
108 3 7
108 4 6
108 5 7
108 6 7
108 7 9
108 8 8
108 9 9
108 10 7
109 1 6
109 2 6
109 3 7
109 4 7
109 5 9
109 6 8
109 7 7
109 8 8
109 9 8
109 10 7
110 1 7
110 2 9
110 3 7
110 4 6
110 5 9
110 6 7
110 7 9
110 8 7
110 9 7
110 10 8
111 1 8
111 2 9
111 3 8
111 4 9
111 5 8
111 6 7
111 7 9
111 8 7
111 9 9
111 10 8
112 1 6
112 2 6
112 3 7
112 4 7
112 5 6
112 6 7
112 7 8
112 8 7
112 9 6
112 10 8
113 1 7
113 2 8
113 3 9
113 4 8
113 5 8
113 6 7
113 7 7
113 8 6
113 9 7
113 10 6
114 1 7
114 2 7
114 3 7
114 4 8
114 5 6
114 6 7
114 7 8
114 8 9
114 9 9
114 10 8
115 1 7
115 2 6
115 3 9
115 4 9
115 5 9
115 6 8
115 7 7
115 8 8
115 9 9
115 10 9
116 1 9
116 2 8
116 3 9
116 4 6
116 5 7
116 6 7
116 7 9
116 8 7
116 9 6
116 10 6
117 1 7
117 2 9
117 3 7
117 4 9
117 5 9
117 6 8
117 7 7
117 8 8
117 9 9
117 10 7
118 1 6
118 2 8
118 3 6
118 4 7
118 5 8
118 6 9
118 7 6
118 8 9
118 9 7
118 10 7
119 1 7
119 2 8
119 3 8
119 4 9
119 5 9
119 6 8
119 7 6
119 8 7
119 9 6
119 10 6
120 1 9
120 2 7
120 3 7
120 4 9
120 5 8
120 6 7
120 7 7
120 8 8
120 9 6
120 10 7
121 1 7
121 2 7
121 3 8
121 4 6
121 5 9
121 6 9
121 7 9
121 8 6
121 9 6
121 10 9
122 1 9
122 2 7
122 3 9
122 4 9
122 5 6
122 6 7
122 7 6
122 8 7
122 9 9
122 10 6
123 1 9
123 2 9
123 3 6
123 4 6
123 5 6
123 6 8
123 7 7
123 8 7
123 9 9
123 10 8
124 1 6
124 2 6
124 3 8
124 4 6
124 5 7
124 6 9
124 7 6
124 8 8
124 9 8
124 10 8
125 1 9
125 2 6
125 3 8
125 4 9
125 5 7
125 6 7
125 7 6
125 8 7
125 9 9
125 10 7
126 1 9
126 2 8
126 3 8
126 4 7
126 5 9
126 6 7
126 7 6
126 8 6
126 9 6
126 10 9
127 1 8
127 2 8
127 3 7
127 4 9
127 5 6
127 6 8
127 7 7
127 8 9
127 9 8
127 10 7
128 1 9
128 2 8
128 3 8
128 4 9
128 5 9
128 6 8
128 7 8
128 8 9
128 9 7
128 10 8
129 1 9
129 2 7
129 3 8
129 4 8
129 5 8
129 6 7
129 7 8
129 8 8
129 9 9
129 10 7
130 1 7
130 2 9
130 3 9
130 4 9
130 5 6
130 6 9
130 7 7
130 8 7
130 9 8
130 10 8
131 1 7
131 2 7
131 3 7
131 4 9
131 5 8
131 6 6
131 7 6
131 8 7
131 9 8
131 10 7
132 1 8
132 2 6
132 3 8
132 4 7
132 5 7
132 6 9
132 7 8
132 8 6
132 9 8
132 10 8
133 1 6
133 2 7
133 3 6
133 4 9
133 5 8
133 6 6
133 7 9
133 8 8
133 9 9
133 10 8
134 1 7
134 2 9
134 3 7
134 4 8
134 5 7
134 6 8
134 7 8
134 8 8
134 9 8
134 10 8
135 1 9
135 2 8
135 3 8
135 4 8
135 5 9
135 6 9
135 7 7
135 8 6
135 9 8
135 10 7
136 1 8
136 2 7
136 3 7
136 4 6
136 5 9
136 6 8
136 7 6
136 8 7
136 9 9
136 10 8
137 1 8
137 2 8
137 3 7
137 4 6
137 5 9
137 6 9
137 7 8
137 8 9
137 9 9
137 10 9
138 1 6
138 2 6
138 3 7
138 4 7
138 5 6
138 6 8
138 7 7
138 8 6
138 9 7
138 10 8
139 1 8
139 2 7
139 3 8
139 4 7
139 5 7
139 6 6
139 7 8
139 8 9
139 9 8
139 10 7
140 1 7
140 2 8
140 3 7
140 4 6
140 5 8
140 6 9
140 7 7
140 8 7
140 9 9
140 10 6
141 1 7
141 2 8
141 3 7
141 4 9
141 5 9
141 6 6
141 7 7
141 8 8
141 9 6
141 10 7
142 1 8
142 2 9
142 3 7
142 4 6
142 5 6
142 6 8
142 7 7
142 8 8
142 9 6
142 10 9
143 1 9
143 2 7
143 3 8
143 4 9
143 5 6
143 6 8
143 7 7
143 8 9
143 9 9
143 10 7
144 1 9
144 2 9
144 3 8
144 4 7
144 5 8
144 6 6
144 7 6
144 8 8
144 9 9
144 10 6
145 1 7
145 2 7
145 3 7
145 4 9
145 5 7
145 6 7
145 7 7
145 8 9
145 9 6
145 10 9
146 1 7
146 2 7
146 3 6
146 4 9
146 5 9
146 6 7
146 7 7
146 8 8
146 9 7
146 10 9
147 1 9
147 2 9
147 3 7
147 4 7
147 5 9
147 6 6
147 7 7
147 8 8
147 9 8
147 10 8
148 1 8
148 2 6
148 3 9
148 4 7
148 5 6
148 6 6
148 7 7
148 8 7
148 9 7
148 10 7
149 1 9
149 2 7
149 3 9
149 4 9
149 5 8
149 6 9
149 7 8
149 8 8
149 9 7
149 10 8
150 1 9
150 2 7
150 3 8
150 4 8
150 5 9
150 6 7
150 7 6
150 8 6
150 9 7
150 10 7
151 1 6
151 2 8
151 3 9
151 4 8
151 5 9
151 6 9
151 7 8
151 8 9
151 9 8
151 10 7
152 1 9
152 2 8
152 3 7
152 4 8
152 5 9
152 6 9
152 7 9
152 8 8
152 9 8
152 10 7
153 1 7
153 2 9
153 3 7
153 4 9
153 5 9
153 6 8
153 7 9
153 8 9
153 9 8
153 10 9
154 1 9
154 2 7
154 3 8
154 4 6
154 5 9
154 6 9
154 7 9
154 8 6
154 9 6
154 10 7
155 1 9
155 2 6
155 3 6
155 4 8
155 5 9
155 6 6
155 7 7
155 8 6
155 9 7
155 10 8
156 1 7
156 2 9
156 3 8
156 4 9
156 5 8
156 6 7
156 7 7
156 8 8
156 9 8
156 10 7
157 1 8
157 2 9
157 3 8
157 4 9
157 5 8
157 6 7
157 7 6
157 8 6
157 9 8
157 10 9
158 1 9
158 2 7
158 3 8
158 4 8
158 5 6
158 6 6
158 7 9
158 8 7
158 9 7
158 10 8
159 1 8
159 2 6
159 3 6
159 4 9
159 5 9
159 6 8
159 7 7
159 8 6
159 9 8
159 10 8
160 1 6
160 2 7
160 3 6
160 4 8
160 5 7
160 6 8
160 7 7
160 8 7
160 9 9
160 10 9
161 1 8
161 2 6
161 3 6
161 4 7
161 5 9
161 6 8
161 7 9
161 8 9
161 9 8
161 10 9
162 1 9
162 2 6
162 3 6
162 4 7
162 5 6
162 6 8
162 7 8
162 8 9
162 9 9
162 10 9
163 1 6
163 2 7
163 3 7
163 4 9
163 5 7
163 6 9
163 7 9
163 8 9
163 9 7
163 10 6
164 1 8
164 2 8
164 3 8
164 4 6
164 5 9
164 6 9
164 7 7
164 8 7
164 9 9
164 10 8
165 1 7
165 2 6
165 3 9
165 4 7
165 5 6
165 6 8
165 7 8
165 8 7
165 9 8
165 10 8
166 1 6
166 2 6
166 3 6
166 4 7
166 5 6
166 6 7
166 7 9
166 8 6
166 9 7
166 10 7
167 1 9
167 2 7
167 3 8
167 4 7
167 5 6
167 6 7
167 7 8
167 8 6
167 9 6
167 10 8
168 1 9
168 2 8
168 3 8
168 4 8
168 5 9
168 6 6
168 7 7
168 8 7
168 9 9
168 10 9
169 1 9
169 2 8
169 3 6
169 4 8
169 5 6
169 6 8
169 7 9
169 8 6
169 9 8
169 10 8
170 1 9
170 2 9
170 3 7
170 4 7
170 5 7
170 6 6
170 7 8
170 8 9
170 9 6
170 10 6
171 1 7
171 2 8
171 3 9
171 4 6
171 5 7
171 6 7
171 7 9
171 8 9
171 9 6
171 10 9
172 1 7
172 2 9
172 3 9
172 4 7
172 5 7
172 6 9
172 7 7
172 8 6
172 9 6
172 10 8
173 1 9
173 2 6
173 3 6
173 4 8
173 5 9
173 6 8
173 7 8
173 8 6
173 9 7
173 10 7
174 1 7
174 2 7
174 3 6
174 4 8
174 5 9
174 6 6
174 7 8
174 8 6
174 9 8
174 10 9
175 1 8
175 2 7
175 3 9
175 4 9
175 5 7
175 6 7
175 7 6
175 8 6
175 9 9
175 10 7
176 1 8
176 2 9
176 3 6
176 4 9
176 5 6
176 6 9
176 7 9
176 8 9
176 9 6
176 10 8
177 1 7
177 2 7
177 3 8
177 4 8
177 5 7
177 6 8
177 7 6
177 8 8
177 9 6
177 10 7
178 1 9
178 2 8
178 3 8
178 4 9
178 5 9
178 6 6
178 7 9
178 8 8
178 9 9
178 10 8
179 1 9
179 2 8
179 3 8
179 4 8
179 5 7
179 6 9
179 7 9
179 8 9
179 9 7
179 10 9
180 1 7
180 2 8
180 3 7
180 4 9
180 5 8
180 6 8
180 7 8
180 8 7
180 9 8
180 10 8
181 1 8
181 2 8
181 3 9
181 4 8
181 5 6
181 6 7
181 7 9
181 8 6
181 9 7
181 10 7
182 1 9
182 2 6
182 3 6
182 4 9
182 5 9
182 6 9
182 7 8
182 8 6
182 9 7
182 10 9
183 1 7
183 2 8
183 3 6
183 4 9
183 5 7
183 6 7
183 7 9
183 8 7
183 9 9
183 10 8
184 1 8
184 2 9
184 3 8
184 4 7
184 5 7
184 6 7
184 7 9
184 8 7
184 9 6
184 10 8
185 1 9
185 2 6
185 3 6
185 4 7
185 5 8
185 6 9
185 7 7
185 8 7
185 9 8
185 10 6
186 1 8
186 2 8
186 3 6
186 4 9
186 5 8
186 6 8
186 7 8
186 8 8
186 9 8
186 10 9
187 1 7
187 2 8
187 3 9
187 4 8
187 5 8
187 6 6
187 7 6
187 8 8
187 9 8
187 10 8
188 1 9
188 2 6
188 3 7
188 4 7
188 5 9
188 6 6
188 7 8
188 8 7
188 9 9
188 10 8
189 1 6
189 2 7
189 3 7
189 4 6
189 5 6
189 6 6
189 7 7
189 8 7
189 9 6
189 10 9
190 1 7
190 2 9
190 3 8
190 4 8
190 5 8
190 6 8
190 7 9
190 8 7
190 9 7
190 10 9
191 1 6
191 2 8
191 3 8
191 4 8
191 5 9
191 6 7
191 7 8
191 8 9
191 9 6
191 10 9
192 1 9
192 2 6
192 3 8
192 4 7
192 5 6
192 6 7
192 7 8
192 8 8
192 9 6
192 10 7
193 1 6
193 2 9
193 3 6
193 4 6
193 5 9
193 6 9
193 7 6
193 8 8
193 9 6
193 10 9
194 1 8
194 2 6
194 3 9
194 4 7
194 5 8
194 6 7
194 7 7
194 8 8
194 9 7
194 10 9
195 1 7
195 2 9
195 3 7
195 4 9
195 5 8
195 6 9
195 7 9
195 8 9
195 9 7
195 10 7
196 1 7
196 2 8
196 3 7
196 4 7
196 5 7
196 6 8
196 7 7
196 8 9
196 9 9
196 10 7
197 1 7
197 2 7
197 3 6
197 4 9
197 5 7
197 6 8
197 7 8
197 8 7
197 9 9
197 10 9
198 1 6
198 2 8
198 3 7
198 4 7
198 5 9
198 6 9
198 7 6
198 8 6
198 9 8
198 10 6
199 1 8
199 2 6
199 3 7
199 4 8
199 5 8
199 6 9
199 7 7
199 8 9
199 9 7
199 10 7
200 1 8
200 2 6
200 3 7
200 4 8
200 5 8
200 6 8
200 7 7
200 8 8
200 9 8
200 10 9
201 1 8
201 2 6
201 3 9
201 4 9
201 5 8
201 6 9
201 7 7
201 8 9
201 9 8
201 10 8
202 1 7
202 2 6
202 3 9
202 4 9
202 5 6
202 6 6
202 7 7
202 8 8
202 9 8
202 10 8
203 1 7
203 2 7
203 3 8
203 4 8
203 5 6
203 6 6
203 7 9
203 8 9
203 9 6
203 10 6
204 1 6
204 2 8
204 3 6
204 4 6
204 5 7
204 6 7
204 7 9
204 8 9
204 9 6
204 10 9
205 1 8
205 2 6
205 3 9
205 4 9
205 5 8
205 6 9
205 7 7
205 8 8
205 9 6
205 10 7
206 1 8
206 2 8
206 3 9
206 4 8
206 5 7
206 6 8
206 7 8
206 8 7
206 9 6
206 10 9
207 1 6
207 2 6
207 3 9
207 4 7
207 5 8
207 6 7
207 7 6
207 8 6
207 9 7
207 10 7
208 1 6
208 2 6
208 3 9
208 4 7
208 5 8
208 6 6
208 7 8
208 8 6
208 9 6
208 10 8
209 1 9
209 2 6
209 3 7
209 4 7
209 5 8
209 6 9
209 7 7
209 8 6
209 9 9
209 10 8
210 1 9
210 2 7
210 3 6
210 4 8
210 5 9
210 6 8
210 7 8
210 8 7
210 9 9
210 10 8
211 1 9
211 2 7
211 3 7
211 4 9
211 5 6
211 6 6
211 7 9
211 8 8
211 9 8
211 10 7
212 1 7
212 2 9
212 3 9
212 4 8
212 5 8
212 6 9
212 7 9
212 8 8
212 9 6
212 10 7
213 1 9
213 2 8
213 3 6
213 4 6
213 5 7
213 6 9
213 7 6
213 8 7
213 9 6
213 10 9
214 1 8
214 2 8
214 3 8
214 4 8
214 5 7
214 6 8
214 7 8
214 8 8
214 9 8
214 10 8
215 1 7
215 2 9
215 3 6
215 4 9
215 5 7
215 6 7
215 7 7
215 8 6
215 9 8
215 10 7
216 1 9
216 2 8
216 3 9
216 4 6
216 5 9
216 6 6
216 7 6
216 8 9
216 9 8
216 10 8
217 1 9
217 2 9
217 3 9
217 4 9
217 5 9
217 6 8
217 7 9
217 8 7
217 9 6
217 10 9
218 1 8
218 2 6
218 3 7
218 4 8
218 5 6
218 6 8
218 7 9
218 8 6
218 9 6
218 10 8
219 1 7
219 2 6
219 3 6
219 4 7
219 5 6
219 6 7
219 7 8
219 8 7
219 9 7
219 10 8
220 1 7
220 2 6
220 3 8
220 4 6
220 5 9
220 6 9
220 7 6
220 8 9
220 9 8
220 10 9
221 1 9
221 2 9
221 3 6
221 4 7
221 5 8
221 6 7
221 7 7
221 8 9
221 9 6
221 10 8
222 1 8
222 2 9
222 3 7
222 4 7
222 5 7
222 6 9
222 7 6
222 8 6
222 9 9
222 10 7
223 1 8
223 2 6
223 3 6
223 4 8
223 5 9
223 6 9
223 7 7
223 8 8
223 9 7
223 10 8
224 1 7
224 2 9
224 3 9
224 4 6
224 5 7
224 6 7
224 7 9
224 8 6
224 9 9
224 10 6
225 1 7
225 2 8
225 3 7
225 4 6
225 5 7
225 6 7
225 7 8
225 8 7
225 9 9
225 10 7
226 1 9
226 2 7
226 3 8
226 4 7
226 5 6
226 6 9
226 7 9
226 8 8
226 9 9
226 10 9
227 1 6
227 2 8
227 3 7
227 4 8
227 5 8
227 6 6
227 7 9
227 8 7
227 9 9
227 10 9
228 1 6
228 2 6
228 3 9
228 4 9
228 5 8
228 6 8
228 7 6
228 8 8
228 9 9
228 10 9
229 1 7
229 2 7
229 3 8
229 4 8
229 5 7
229 6 7
229 7 7
229 8 9
229 9 7
229 10 8
230 1 6
230 2 6
230 3 8
230 4 9
230 5 7
230 6 7
230 7 7
230 8 8
230 9 6
230 10 8
231 1 9
231 2 9
231 3 7
231 4 6
231 5 9
231 6 7
231 7 7
231 8 9
231 9 9
231 10 7
232 1 7
232 2 8
232 3 8
232 4 9
232 5 8
232 6 8
232 7 8
232 8 9
232 9 9
232 10 9
233 1 9
233 2 8
233 3 8
233 4 6
233 5 8
233 6 6
233 7 7
233 8 9
233 9 6
233 10 8
234 1 9
234 2 7
234 3 6
234 4 7
234 5 9
234 6 6
234 7 6
234 8 8
234 9 7
234 10 6
235 1 8
235 2 7
235 3 6
235 4 7
235 5 8
235 6 6
235 7 6
235 8 7
235 9 7
235 10 7
236 1 9
236 2 7
236 3 9
236 4 6
236 5 8
236 6 7
236 7 9
236 8 7
236 9 7
236 10 9
237 1 7
237 2 9
237 3 7
237 4 8
237 5 8
237 6 7
237 7 6
237 8 6
237 9 9
237 10 7
238 1 7
238 2 8
238 3 9
238 4 8
238 5 9
238 6 7
238 7 9
238 8 9
238 9 8
238 10 7
239 1 7
239 2 7
239 3 8
239 4 7
239 5 9
239 6 7
239 7 7
239 8 9
239 9 6
239 10 8
240 1 7
240 2 6
240 3 9
240 4 6
240 5 7
240 6 7
240 7 6
240 8 9
240 9 7
240 10 7
241 1 9
241 2 9
241 3 6
241 4 7
241 5 6
241 6 7
241 7 9
241 8 8
241 9 6
241 10 9
242 1 6
242 2 9
242 3 7
242 4 8
242 5 7
242 6 6
242 7 6
242 8 7
242 9 6
242 10 9
243 1 7
243 2 7
243 3 7
243 4 9
243 5 9
243 6 8
243 7 6
243 8 9
243 9 8
243 10 7
244 1 6
244 2 8
244 3 9
244 4 7
244 5 8
244 6 7
244 7 9
244 8 8
244 9 9
244 10 9
245 1 7
245 2 8
245 3 9
245 4 9
245 5 6
245 6 9
245 7 9
245 8 9
245 9 9
245 10 8
246 1 9
246 2 6
246 3 8
246 4 9
246 5 8
246 6 9
246 7 9
246 8 9
246 9 9
246 10 8
247 1 8
247 2 9
247 3 8
247 4 6
247 5 6
247 6 9
247 7 7
247 8 8
247 9 8
247 10 7
248 1 6
248 2 7
248 3 7
248 4 6
248 5 8
248 6 9
248 7 9
248 8 9
248 9 8
248 10 8
249 1 8
249 2 7
249 3 8
249 4 9
249 5 8
249 6 8
249 7 7
249 8 7
249 9 8
249 10 7
250 1 9
250 2 9
250 3 7
250 4 8
250 5 8
250 6 8
250 7 7
250 8 9
250 9 6
250 10 6
251 1 7
251 2 8
251 3 9
251 4 8
251 5 8
251 6 9
251 7 8
251 8 7
251 9 7
251 10 9
252 1 9
252 2 6
252 3 6
252 4 8
252 5 7
252 6 7
252 7 6
252 8 6
252 9 7
252 10 6
253 1 6
253 2 7
253 3 7
253 4 8
253 5 6
253 6 7
253 7 8
253 8 8
253 9 9
253 10 9
254 1 7
254 2 8
254 3 8
254 4 9
254 5 8
254 6 8
254 7 7
254 8 8
254 9 8
254 10 8
255 1 9
255 2 9
255 3 9
255 4 7
255 5 7
255 6 9
255 7 8
255 8 7
255 9 8
255 10 8
256 1 7
256 2 7
256 3 7
256 4 6
256 5 8
256 6 7
256 7 9
256 8 9
256 9 6
256 10 9
257 1 8
257 2 8
257 3 9
257 4 7
257 5 9
257 6 7
257 7 6
257 8 7
257 9 6
257 10 9
258 1 9
258 2 7
258 3 7
258 4 7
258 5 9
258 6 8
258 7 9
258 8 6
258 9 7
258 10 6
259 1 8
259 2 9
259 3 6
259 4 6
259 5 6
259 6 7
259 7 7
259 8 8
259 9 7
259 10 7
260 1 9
260 2 7
260 3 6
260 4 9
260 5 6
260 6 8
260 7 6
260 8 7
260 9 9
260 10 6
261 1 9
261 2 7
261 3 8
261 4 8
261 5 8
261 6 7
261 7 6
261 8 8
261 9 8
261 10 9
262 1 7
262 2 7
262 3 7
262 4 9
262 5 7
262 6 9
262 7 8
262 8 6
262 9 7
262 10 7
263 1 6
263 2 6
263 3 9
263 4 9
263 5 9
263 6 7
263 7 8
263 8 7
263 9 7
263 10 8
264 1 6
264 2 8
264 3 9
264 4 8
264 5 8
264 6 8
264 7 9
264 8 7
264 9 9
264 10 8
265 1 7
265 2 6
265 3 7
265 4 7
265 5 7
265 6 7
265 7 9
265 8 8
265 9 8
265 10 9
266 1 8
266 2 6
266 3 9
266 4 9
266 5 9
266 6 7
266 7 6
266 8 8
266 9 6
266 10 7
267 1 8
267 2 7
267 3 9
267 4 9
267 5 7
267 6 7
267 7 6
267 8 7
267 9 7
267 10 9
268 1 8
268 2 9
268 3 7
268 4 9
268 5 7
268 6 7
268 7 7
268 8 7
268 9 7
268 10 9
269 1 8
269 2 8
269 3 9
269 4 8
269 5 7
269 6 8
269 7 6
269 8 7
269 9 6
269 10 7
270 1 9
270 2 6
270 3 9
270 4 6
270 5 8
270 6 9
270 7 9
270 8 8
270 9 6
270 10 8
271 1 7
271 2 7
271 3 6
271 4 9
271 5 7
271 6 7
271 7 9
271 8 6
271 9 9
271 10 6
272 1 6
272 2 9
272 3 7
272 4 7
272 5 9
272 6 9
272 7 7
272 8 6
272 9 6
272 10 7
273 1 9
273 2 6
273 3 7
273 4 9
273 5 6
273 6 7
273 7 8
273 8 6
273 9 9
273 10 8
274 1 8
274 2 9
274 3 6
274 4 7
274 5 8
274 6 9
274 7 9
274 8 8
274 9 6
274 10 6
275 1 8
275 2 8
275 3 9
275 4 9
275 5 8
275 6 9
275 7 6
275 8 8
275 9 6
275 10 9
276 1 8
276 2 7
276 3 8
276 4 8
276 5 7
276 6 9
276 7 6
276 8 7
276 9 8
276 10 7
277 1 7
277 2 8
277 3 6
277 4 8
277 5 6
277 6 8
277 7 9
277 8 6
277 9 7
277 10 8
278 1 7
278 2 8
278 3 7
278 4 9
278 5 6
278 6 7
278 7 9
278 8 7
278 9 6
278 10 7
279 1 9
279 2 8
279 3 9
279 4 7
279 5 9
279 6 8
279 7 9
279 8 8
279 9 9
279 10 8
280 1 7
280 2 9
280 3 6
280 4 7
280 5 7
280 6 8
280 7 6
280 8 7
280 9 8
280 10 8
281 1 8
281 2 9
281 3 7
281 4 9
281 5 7
281 6 8
281 7 8
281 8 9
281 9 8
281 10 9
282 1 8
282 2 7
282 3 7
282 4 9
282 5 6
282 6 6
282 7 8
282 8 7
282 9 7
282 10 9
283 1 8
283 2 9
283 3 8
283 4 8
283 5 9
283 6 8
283 7 7
283 8 8
283 9 7
283 10 9
284 1 7
284 2 9
284 3 7
284 4 6
284 5 8
284 6 8
284 7 9
284 8 9
284 9 7
284 10 7
285 1 7
285 2 6
285 3 7
285 4 9
285 5 7
285 6 8
285 7 9
285 8 8
285 9 9
285 10 7
286 1 7
286 2 9
286 3 8
286 4 8
286 5 8
286 6 8
286 7 9
286 8 7
286 9 7
286 10 7
287 1 7
287 2 7
287 3 7
287 4 7
287 5 6
287 6 7
287 7 7
287 8 8
287 9 8
287 10 8
288 1 9
288 2 8
288 3 8
288 4 9
288 5 6
288 6 6
288 7 8
288 8 8
288 9 8
288 10 6
289 1 9
289 2 9
289 3 9
289 4 9
289 5 7
289 6 9
289 7 9
289 8 8
289 9 6
289 10 6
290 1 6
290 2 8
290 3 8
290 4 6
290 5 6
290 6 8
290 7 9
290 8 8
290 9 7
290 10 9
291 1 9
291 2 8
291 3 8
291 4 6
291 5 7
291 6 6
291 7 9
291 8 6
291 9 7
291 10 7
292 1 8
292 2 7
292 3 9
292 4 8
292 5 7
292 6 9
292 7 8
292 8 6
292 9 6
292 10 6
293 1 6
293 2 9
293 3 7
293 4 6
293 5 7
293 6 9
293 7 6
293 8 8
293 9 7
293 10 8
294 1 7
294 2 6
294 3 9
294 4 6
294 5 9
294 6 9
294 7 8
294 8 6
294 9 8
294 10 6
295 1 8
295 2 7
295 3 8
295 4 8
295 5 8
295 6 6
295 7 8
295 8 7
295 9 9
295 10 8
296 1 6
296 2 8
296 3 6
296 4 7
296 5 8
296 6 6
296 7 7
296 8 7
296 9 6
296 10 7
297 1 6
297 2 6
297 3 8
297 4 7
297 5 9
297 6 9
297 7 9
297 8 9
297 9 7
297 10 7
298 1 9
298 2 9
298 3 7
298 4 7
298 5 7
298 6 9
298 7 6
298 8 8
298 9 8
298 10 6
299 1 6
299 2 8
299 3 7
299 4 6
299 5 9
299 6 7
299 7 8
299 8 9
299 9 8
299 10 9
300 1 7
300 2 8
300 3 6
300 4 9
300 5 7
300 6 7
300 7 7
300 8 6
300 9 9
300 10 6
301 1 9
301 2 8
301 3 9
301 4 7
301 5 9
301 6 9
301 7 7
301 8 8
301 9 7
301 10 9
302 1 8
302 2 9
302 3 9
302 4 6
302 5 9
302 6 8
302 7 9
302 8 7
302 9 9
302 10 7
303 1 9
303 2 7
303 3 8
303 4 6
303 5 8
303 6 7
303 7 7
303 8 6
303 9 9
303 10 9
304 1 9
304 2 8
304 3 7
304 4 9
304 5 6
304 6 6
304 7 8
304 8 6
304 9 8
304 10 6
305 1 7
305 2 9
305 3 9
305 4 8
305 5 9
305 6 7
305 7 7
305 8 9
305 9 8
305 10 9
306 1 7
306 2 8
306 3 8
306 4 7
306 5 6
306 6 7
306 7 8
306 8 6
306 9 8
306 10 7
307 1 6
307 2 9
307 3 7
307 4 9
307 5 8
307 6 6
307 7 6
307 8 7
307 9 8
307 10 8
308 1 8
308 2 8
308 3 8
308 4 6
308 5 6
308 6 9
308 7 6
308 8 7
308 9 9
308 10 7
309 1 8
309 2 7
309 3 7
309 4 9
309 5 7
309 6 9
309 7 8
309 8 9
309 9 7
309 10 8
310 1 9
310 2 9
310 3 9
310 4 7
310 5 6
310 6 7
310 7 9
310 8 9
310 9 8
310 10 8
311 1 6
311 2 7
311 3 9
311 4 9
311 5 7
311 6 7
311 7 9
311 8 8
311 9 7
311 10 8
312 1 8
312 2 6
312 3 7
312 4 7
312 5 7
312 6 7
312 7 8
312 8 8
312 9 8
312 10 9
313 1 6
313 2 7
313 3 9
313 4 6
313 5 8
313 6 8
313 7 8
313 8 6
313 9 9
313 10 7
314 1 7
314 2 6
314 3 9
314 4 7
314 5 7
314 6 6
314 7 9
314 8 7
314 9 8
314 10 7
315 1 9
315 2 8
315 3 9
315 4 9
315 5 8
315 6 8
315 7 7
315 8 7
315 9 6
315 10 7
316 1 7
316 2 6
316 3 7
316 4 8
316 5 8
316 6 9
316 7 9
316 8 7
316 9 9
316 10 9
317 1 9
317 2 8
317 3 9
317 4 7
317 5 7
317 6 9
317 7 6
317 8 7
317 9 9
317 10 6
318 1 8
318 2 9
318 3 6
318 4 8
318 5 6
318 6 8
318 7 9
318 8 8
318 9 9
318 10 7
319 1 8
319 2 9
319 3 8
319 4 6
319 5 8
319 6 7
319 7 8
319 8 7
319 9 8
319 10 6
320 1 8
320 2 9
320 3 8
320 4 6
320 5 9
320 6 6
320 7 7
320 8 8
320 9 8
320 10 9
321 1 8
321 2 7
321 3 9
321 4 8
321 5 7
321 6 8
321 7 7
321 8 7
321 9 8
321 10 9
322 1 7
322 2 9
322 3 9
322 4 8
322 5 9
322 6 9
322 7 7
322 8 6
322 9 7
322 10 7
323 1 6
323 2 8
323 3 6
323 4 7
323 5 6
323 6 7
323 7 6
323 8 9
323 9 8
323 10 7
324 1 6
324 2 8
324 3 6
324 4 7
324 5 9
324 6 7
324 7 7
324 8 7
324 9 7
324 10 8
325 1 7
325 2 8
325 3 7
325 4 7
325 5 9
325 6 8
325 7 8
325 8 7
325 9 9
325 10 9
326 1 9
326 2 7
326 3 9
326 4 8
326 5 9
326 6 9
326 7 9
326 8 9
326 9 6
326 10 7
327 1 8
327 2 9
327 3 6
327 4 6
327 5 8
327 6 6
327 7 8
327 8 6
327 9 9
327 10 9
328 1 7
328 2 8
328 3 7
328 4 7
328 5 8
328 6 8
328 7 7
328 8 7
328 9 9
328 10 7
329 1 7
329 2 7
329 3 8
329 4 6
329 5 9
329 6 7
329 7 8
329 8 7
329 9 7
329 10 7
330 1 9
330 2 7
330 3 9
330 4 6
330 5 8
330 6 6
330 7 8
330 8 8
330 9 8
330 10 8
331 1 6
331 2 6
331 3 8
331 4 9
331 5 8
331 6 6
331 7 9
331 8 8
331 9 6
331 10 7
332 1 8
332 2 8
332 3 6
332 4 6
332 5 8
332 6 7
332 7 9
332 8 6
332 9 9
332 10 9
333 1 7
333 2 6
333 3 7
333 4 9
333 5 6
333 6 7
333 7 9
333 8 8
333 9 8
333 10 8
334 1 9
334 2 7
334 3 9
334 4 9
334 5 8
334 6 7
334 7 9
334 8 6
334 9 8
334 10 6
335 1 6
335 2 8
335 3 7
335 4 7
335 5 8
335 6 8
335 7 7
335 8 9
335 9 7
335 10 7
336 1 6
336 2 6
336 3 8
336 4 8
336 5 9
336 6 8
336 7 9
336 8 7
336 9 8
336 10 7
337 1 6
337 2 9
337 3 9
337 4 8
337 5 9
337 6 9
337 7 7
337 8 8
337 9 8
337 10 7
338 1 8
338 2 7
338 3 6
338 4 8
338 5 6
338 6 9
338 7 9
338 8 6
338 9 8
338 10 9
339 1 7
339 2 6
339 3 8
339 4 7
339 5 9
339 6 6
339 7 6
339 8 6
339 9 8
339 10 6
340 1 8
340 2 7
340 3 9
340 4 7
340 5 8
340 6 7
340 7 9
340 8 7
340 9 7
340 10 8
341 1 7
341 2 8
341 3 6
341 4 6
341 5 9
341 6 7
341 7 7
341 8 9
341 9 9
341 10 6
342 1 7
342 2 6
342 3 7
342 4 9
342 5 7
342 6 7
342 7 6
342 8 9
342 9 7
342 10 8
343 1 6
343 2 7
343 3 9
343 4 6
343 5 7
343 6 6
343 7 7
343 8 6
343 9 8
343 10 9
344 1 8
344 2 9
344 3 8
344 4 7
344 5 8
344 6 9
344 7 7
344 8 9
344 9 8
344 10 8
345 1 8
345 2 8
345 3 9
345 4 7
345 5 9
345 6 6
345 7 8
345 8 8
345 9 6
345 10 7
346 1 8
346 2 6
346 3 8
346 4 7
346 5 9
346 6 7
346 7 7
346 8 8
346 9 6
346 10 7
347 1 9
347 2 6
347 3 6
347 4 9
347 5 8
347 6 7
347 7 6
347 8 7
347 9 9
347 10 9
348 1 8
348 2 7
348 3 9
348 4 9
348 5 7
348 6 7
348 7 7
348 8 8
348 9 7
348 10 9
349 1 8
349 2 6
349 3 7
349 4 9
349 5 8
349 6 7
349 7 8
349 8 9
349 9 9
349 10 8
350 1 7
350 2 7
350 3 8
350 4 7
350 5 8
350 6 7
350 7 8
350 8 6
350 9 9
350 10 8
351 1 9
351 2 8
351 3 9
351 4 6
351 5 9
351 6 8
351 7 8
351 8 8
351 9 9
351 10 9
352 1 9
352 2 7
352 3 8
352 4 7
352 5 7
352 6 8
352 7 9
352 8 7
352 9 8
352 10 6
353 1 8
353 2 9
353 3 6
353 4 6
353 5 8
353 6 6
353 7 9
353 8 8
353 9 7
353 10 7
354 1 9
354 2 9
354 3 9
354 4 7
354 5 8
354 6 9
354 7 8
354 8 7
354 9 7
354 10 7
355 1 7
355 2 8
355 3 7
355 4 7
355 5 8
355 6 9
355 7 7
355 8 9
355 9 6
355 10 7
356 1 6
356 2 9
356 3 7
356 4 9
356 5 7
356 6 8
356 7 7
356 8 7
356 9 7
356 10 9
357 1 6
357 2 8
357 3 8
357 4 8
357 5 7
357 6 7
357 7 9
357 8 7
357 9 7
357 10 7
358 1 9
358 2 9
358 3 8
358 4 6
358 5 9
358 6 8
358 7 7
358 8 9
358 9 8
358 10 8
359 1 8
359 2 7
359 3 8
359 4 8
359 5 9
359 6 9
359 7 9
359 8 9
359 9 8
359 10 6
360 1 7
360 2 9
360 3 9
360 4 9
360 5 9
360 6 9
360 7 8
360 8 8
360 9 6
360 10 8
361 1 7
361 2 9
361 3 7
361 4 7
361 5 8
361 6 8
361 7 7
361 8 8
361 9 6
361 10 8
362 1 6
362 2 8
362 3 7
362 4 9
362 5 7
362 6 9
362 7 9
362 8 7
362 9 8
362 10 8
363 1 7
363 2 9
363 3 7
363 4 9
363 5 6
363 6 9
363 7 7
363 8 9
363 9 8
363 10 9
364 1 8
364 2 9
364 3 7
364 4 7
364 5 6
364 6 6
364 7 6
364 8 7
364 9 9
364 10 9
365 1 9
365 2 7
365 3 8
365 4 8
365 5 8
365 6 6
365 7 6
365 8 7
365 9 8
365 10 9
366 1 9
366 2 8
366 3 8
366 4 9
366 5 6
366 6 8
366 7 9
366 8 6
366 9 8
366 10 9
367 1 6
367 2 8
367 3 6
367 4 8
367 5 7
367 6 9
367 7 9
367 8 9
367 9 8
367 10 8
368 1 6
368 2 7
368 3 8
368 4 7
368 5 9
368 6 8
368 7 6
368 8 6
368 9 7
368 10 6
369 1 8
369 2 9
369 3 9
369 4 7
369 5 9
369 6 7
369 7 8
369 8 7
369 9 7
369 10 7
370 1 9
370 2 7
370 3 7
370 4 9
370 5 8
370 6 9
370 7 6
370 8 7
370 9 7
370 10 7
371 1 9
371 2 6
371 3 6
371 4 9
371 5 6
371 6 6
371 7 9
371 8 8
371 9 9
371 10 9
372 1 9
372 2 9
372 3 7
372 4 7
372 5 6
372 6 7
372 7 7
372 8 7
372 9 7
372 10 8
373 1 7
373 2 6
373 3 9
373 4 6
373 5 9
373 6 6
373 7 9
373 8 9
373 9 8
373 10 6
374 1 9
374 2 8
374 3 7
374 4 9
374 5 8
374 6 6
374 7 7
374 8 9
374 9 8
374 10 6
375 1 7
375 2 9
375 3 6
375 4 6
375 5 8
375 6 9
375 7 9
375 8 6
375 9 6
375 10 7
376 1 9
376 2 7
376 3 9
376 4 9
376 5 8
376 6 6
376 7 7
376 8 7
376 9 7
376 10 9
377 1 9
377 2 6
377 3 8
377 4 6
377 5 7
377 6 9
377 7 8
377 8 9
377 9 9
377 10 9
378 1 7
378 2 8
378 3 6
378 4 9
378 5 6
378 6 8
378 7 9
378 8 9
378 9 7
378 10 9
379 1 9
379 2 7
379 3 7
379 4 7
379 5 9
379 6 8
379 7 9
379 8 7
379 9 7
379 10 6
380 1 6
380 2 6
380 3 7
380 4 6
380 5 7
380 6 7
380 7 8
380 8 9
380 9 8
380 10 8
381 1 6
381 2 7
381 3 8
381 4 7
381 5 8
381 6 9
381 7 9
381 8 6
381 9 8
381 10 7
382 1 7
382 2 8
382 3 8
382 4 8
382 5 8
382 6 6
382 7 9
382 8 6
382 9 9
382 10 7
383 1 8
383 2 9
383 3 9
383 4 6
383 5 6
383 6 9
383 7 6
383 8 6
383 9 7
383 10 8
384 1 9
384 2 8
384 3 9
384 4 7
384 5 9
384 6 7
384 7 7
384 8 6
384 9 7
384 10 9
385 1 8
385 2 6
385 3 6
385 4 7
385 5 8
385 6 7
385 7 6
385 8 8
385 9 9
385 10 6
386 1 8
386 2 8
386 3 8
386 4 8
386 5 9
386 6 7
386 7 7
386 8 9
386 9 6
386 10 9
387 1 8
387 2 8
387 3 6
387 4 7
387 5 7
387 6 7
387 7 9
387 8 8
387 9 7
387 10 8
388 1 9
388 2 6
388 3 7
388 4 8
388 5 7
388 6 6
388 7 6
388 8 9
388 9 7
388 10 7
389 1 7
389 2 9
389 3 9
389 4 6
389 5 7
389 6 7
389 7 8
389 8 9
389 9 7
389 10 9
390 1 8
390 2 7
390 3 8
390 4 7
390 5 8
390 6 8
390 7 8
390 8 7
390 9 8
390 10 6
391 1 7
391 2 6
391 3 7
391 4 6
391 5 8
391 6 7
391 7 9
391 8 7
391 9 7
391 10 7
392 1 7
392 2 8
392 3 7
392 4 9
392 5 9
392 6 6
392 7 9
392 8 6
392 9 9
392 10 9
393 1 9
393 2 9
393 3 6
393 4 7
393 5 7
393 6 7
393 7 9
393 8 7
393 9 8
393 10 9
394 1 9
394 2 9
394 3 6
394 4 7
394 5 8
394 6 7
394 7 8
394 8 6
394 9 9
394 10 7
395 1 9
395 2 7
395 3 7
395 4 7
395 5 6
395 6 9
395 7 7
395 8 9
395 9 7
395 10 7
396 1 8
396 2 9
396 3 7
396 4 8
396 5 8
396 6 6
396 7 6
396 8 9
396 9 7
396 10 9
397 1 7
397 2 6
397 3 7
397 4 7
397 5 8
397 6 9
397 7 7
397 8 6
397 9 7
397 10 8
398 1 7
398 2 8
398 3 9
398 4 6
398 5 6
398 6 7
398 7 9
398 8 7
398 9 6
398 10 8
399 1 9
399 2 8
399 3 6
399 4 9
399 5 6
399 6 9
399 7 9
399 8 9
399 9 8
399 10 8
400 1 9
400 2 7
400 3 9
400 4 9
400 5 9
400 6 9
400 7 9
400 8 8
400 9 8
400 10 9
401 1 9
401 2 7
401 3 9
401 4 8
401 5 7
401 6 8
401 7 9
401 8 9
401 9 6
401 10 8
402 1 9
402 2 9
402 3 6
402 4 9
402 5 7
402 6 8
402 7 6
402 8 8
402 9 7
402 10 8
403 1 8
403 2 8
403 3 7
403 4 6
403 5 6
403 6 8
403 7 6
403 8 9
403 9 7
403 10 7
404 1 7
404 2 9
404 3 8
404 4 8
404 5 7
404 6 9
404 7 7
404 8 7
404 9 9
404 10 6
405 1 7
405 2 9
405 3 9
405 4 6
405 5 7
405 6 6
405 7 6
405 8 7
405 9 8
405 10 7
406 1 6
406 2 7
406 3 9
406 4 6
406 5 6
406 6 9
406 7 7
406 8 8
406 9 8
406 10 6
407 1 9
407 2 9
407 3 8
407 4 6
407 5 6
407 6 6
407 7 7
407 8 7
407 9 8
407 10 6
408 1 7
408 2 8
408 3 6
408 4 7
408 5 9
408 6 8
408 7 8
408 8 8
408 9 9
408 10 7
409 1 9
409 2 8
409 3 6
409 4 9
409 5 9
409 6 8
409 7 9
409 8 8
409 9 7
409 10 6
410 1 8
410 2 8
410 3 9
410 4 9
410 5 6
410 6 6
410 7 6
410 8 9
410 9 9
410 10 9
411 1 6
411 2 6
411 3 7
411 4 6
411 5 9
411 6 8
411 7 6
411 8 8
411 9 6
411 10 9
412 1 9
412 2 8
412 3 7
412 4 8
412 5 8
412 6 7
412 7 9
412 8 7
412 9 7
412 10 9
413 1 7
413 2 8
413 3 7
413 4 9
413 5 7
413 6 8
413 7 7
413 8 8
413 9 7
413 10 6
414 1 8
414 2 7
414 3 8
414 4 7
414 5 9
414 6 8
414 7 7
414 8 6
414 9 8
414 10 9
415 1 7
415 2 7
415 3 7
415 4 7
415 5 6
415 6 8
415 7 7
415 8 6
415 9 6
415 10 8
416 1 8
416 2 6
416 3 8
416 4 8
416 5 6
416 6 9
416 7 8
416 8 7
416 9 8
416 10 8
417 1 7
417 2 8
417 3 9
417 4 7
417 5 8
417 6 6
417 7 9
417 8 7
417 9 9
417 10 6
418 1 7
418 2 8
418 3 8
418 4 7
418 5 9
418 6 8
418 7 9
418 8 9
418 9 7
418 10 8
419 1 9
419 2 8
419 3 6
419 4 8
419 5 9
419 6 7
419 7 9
419 8 7
419 9 8
419 10 9
420 1 7
420 2 9
420 3 6
420 4 6
420 5 8
420 6 8
420 7 9
420 8 6
420 9 7
420 10 6
421 1 9
421 2 8
421 3 7
421 4 6
421 5 6
421 6 9
421 7 9
421 8 9
421 9 9
421 10 7
422 1 8
422 2 7
422 3 6
422 4 8
422 5 9
422 6 9
422 7 8
422 8 9
422 9 9
422 10 6
423 1 8
423 2 9
423 3 8
423 4 8
423 5 7
423 6 7
423 7 6
423 8 6
423 9 9
423 10 9
424 1 9
424 2 9
424 3 9
424 4 8
424 5 6
424 6 8
424 7 9
424 8 9
424 9 9
424 10 7
425 1 7
425 2 8
425 3 9
425 4 8
425 5 7
425 6 7
425 7 7
425 8 9
425 9 8
425 10 6
426 1 8
426 2 9
426 3 8
426 4 7
426 5 8
426 6 8
426 7 6
426 8 8
426 9 7
426 10 7
427 1 8
427 2 8
427 3 6
427 4 7
427 5 8
427 6 9
427 7 8
427 8 8
427 9 8
427 10 7
428 1 9
428 2 7
428 3 7
428 4 6
428 5 9
428 6 6
428 7 9
428 8 6
428 9 8
428 10 9
429 1 6
429 2 8
429 3 8
429 4 7
429 5 9
429 6 7
429 7 7
429 8 6
429 9 7
429 10 6
430 1 8
430 2 9
430 3 7
430 4 7
430 5 7
430 6 8
430 7 7
430 8 7
430 9 9
430 10 9
431 1 8
431 2 6
431 3 8
431 4 9
431 5 9
431 6 8
431 7 9
431 8 8
431 9 6
431 10 8
432 1 9
432 2 9
432 3 7
432 4 7
432 5 8
432 6 7
432 7 7
432 8 8
432 9 9
432 10 6
433 1 7
433 2 6
433 3 7
433 4 8
433 5 8
433 6 7
433 7 8
433 8 9
433 9 9
433 10 7
434 1 9
434 2 8
434 3 7
434 4 8
434 5 9
434 6 7
434 7 8
434 8 8
434 9 7
434 10 6
435 1 8
435 2 6
435 3 6
435 4 6
435 5 7
435 6 9
435 7 9
435 8 7
435 9 8
435 10 6
436 1 8
436 2 8
436 3 9
436 4 9
436 5 8
436 6 8
436 7 6
436 8 6
436 9 7
436 10 8
437 1 7
437 2 8
437 3 6
437 4 9
437 5 8
437 6 8
437 7 6
437 8 9
437 9 8
437 10 7
438 1 9
438 2 6
438 3 8
438 4 8
438 5 8
438 6 6
438 7 8
438 8 6
438 9 8
438 10 9
439 1 9
439 2 6
439 3 9
439 4 7
439 5 7
439 6 9
439 7 6
439 8 8
439 9 7
439 10 8
440 1 7
440 2 8
440 3 6
440 4 8
440 5 8
440 6 6
440 7 7
440 8 9
440 9 7
440 10 9
441 1 6
441 2 9
441 3 8
441 4 7
441 5 9
441 6 8
441 7 7
441 8 6
441 9 6
441 10 7
442 1 6
442 2 7
442 3 8
442 4 8
442 5 9
442 6 8
442 7 7
442 8 7
442 9 6
442 10 7
443 1 6
443 2 9
443 3 6
443 4 7
443 5 9
443 6 9
443 7 6
443 8 8
443 9 8
443 10 6
444 1 8
444 2 6
444 3 9
444 4 8
444 5 8
444 6 8
444 7 9
444 8 6
444 9 7
444 10 6
445 1 7
445 2 6
445 3 6
445 4 8
445 5 8
445 6 9
445 7 9
445 8 6
445 9 7
445 10 8
446 1 6
446 2 9
446 3 6
446 4 6
446 5 6
446 6 8
446 7 7
446 8 7
446 9 6
446 10 9
447 1 6
447 2 7
447 3 8
447 4 7
447 5 9
447 6 8
447 7 9
447 8 9
447 9 6
447 10 8
448 1 9
448 2 7
448 3 7
448 4 6
448 5 7
448 6 7
448 7 8
448 8 7
448 9 8
448 10 8
449 1 8
449 2 9
449 3 8
449 4 8
449 5 8
449 6 9
449 7 9
449 8 8
449 9 9
449 10 9
450 1 9
450 2 8
450 3 9
450 4 7
450 5 6
450 6 9
450 7 7
450 8 8
450 9 9
450 10 9
451 1 6
451 2 6
451 3 8
451 4 9
451 5 6
451 6 9
451 7 9
451 8 9
451 9 8
451 10 9
452 1 8
452 2 9
452 3 8
452 4 8
452 5 8
452 6 8
452 7 8
452 8 9
452 9 8
452 10 8
453 1 9
453 2 8
453 3 9
453 4 9
453 5 8
453 6 9
453 7 9
453 8 6
453 9 7
453 10 8
454 1 8
454 2 9
454 3 9
454 4 7
454 5 7
454 6 9
454 7 8
454 8 6
454 9 6
454 10 9
455 1 6
455 2 8
455 3 7
455 4 8
455 5 9
455 6 8
455 7 7
455 8 6
455 9 7
455 10 7
456 1 7
456 2 9
456 3 8
456 4 8
456 5 8
456 6 7
456 7 7
456 8 8
456 9 6
456 10 8
457 1 7
457 2 9
457 3 7
457 4 7
457 5 9
457 6 9
457 7 9
457 8 9
457 9 9
457 10 8
458 1 9
458 2 9
458 3 8
458 4 7
458 5 8
458 6 8
458 7 6
458 8 6
458 9 6
458 10 7
459 1 8
459 2 8
459 3 7
459 4 7
459 5 9
459 6 8
459 7 7
459 8 7
459 9 6
459 10 6
460 1 6
460 2 9
460 3 9
460 4 6
460 5 7
460 6 8
460 7 6
460 8 9
460 9 8
460 10 8
461 1 7
461 2 8
461 3 6
461 4 9
461 5 9
461 6 8
461 7 8
461 8 7
461 9 8
461 10 9
462 1 7
462 2 6
462 3 8
462 4 9
462 5 9
462 6 6
462 7 9
462 8 8
462 9 8
462 10 6
463 1 8
463 2 9
463 3 6
463 4 8
463 5 7
463 6 9
463 7 9
463 8 7
463 9 7
463 10 7
464 1 8
464 2 6
464 3 7
464 4 7
464 5 8
464 6 7
464 7 9
464 8 7
464 9 8
464 10 8
465 1 9
465 2 8
465 3 6
465 4 6
465 5 8
465 6 7
465 7 9
465 8 7
465 9 9
465 10 9
466 1 7
466 2 9
466 3 7
466 4 9
466 5 6
466 6 7
466 7 9
466 8 8
466 9 8
466 10 7
467 1 8
467 2 8
467 3 7
467 4 8
467 5 9
467 6 7
467 7 6
467 8 6
467 9 7
467 10 7
468 1 9
468 2 6
468 3 8
468 4 6
468 5 9
468 6 9
468 7 8
468 8 6
468 9 8
468 10 7
469 1 6
469 2 8
469 3 9
469 4 8
469 5 6
469 6 9
469 7 9
469 8 9
469 9 7
469 10 9
470 1 8
470 2 9
470 3 8
470 4 9
470 5 6
470 6 9
470 7 8
470 8 6
470 9 9
470 10 7
471 1 8
471 2 9
471 3 9
471 4 9
471 5 8
471 6 7
471 7 9
471 8 7
471 9 9
471 10 7
472 1 8
472 2 6
472 3 9
472 4 9
472 5 7
472 6 9
472 7 8
472 8 7
472 9 6
472 10 8
473 1 8
473 2 9
473 3 9
473 4 8
473 5 8
473 6 8
473 7 6
473 8 7
473 9 8
473 10 9
474 1 7
474 2 9
474 3 7
474 4 7
474 5 8
474 6 6
474 7 8
474 8 8
474 9 9
474 10 7
475 1 8
475 2 9
475 3 8
475 4 7
475 5 9
475 6 7
475 7 8
475 8 8
475 9 8
475 10 8
476 1 9
476 2 9
476 3 7
476 4 8
476 5 8
476 6 7
476 7 9
476 8 8
476 9 7
476 10 6
477 1 6
477 2 8
477 3 9
477 4 6
477 5 6
477 6 7
477 7 9
477 8 8
477 9 7
477 10 9
478 1 7
478 2 7
478 3 6
478 4 7
478 5 9
478 6 7
478 7 8
478 8 7
478 9 8
478 10 6
479 1 7
479 2 9
479 3 8
479 4 9
479 5 9
479 6 7
479 7 9
479 8 7
479 9 6
479 10 7
480 1 9
480 2 9
480 3 8
480 4 8
480 5 8
480 6 8
480 7 6
480 8 9
480 9 9
480 10 7
481 1 6
481 2 9
481 3 6
481 4 8
481 5 8
481 6 7
481 7 8
481 8 9
481 9 7
481 10 9
482 1 8
482 2 6
482 3 7
482 4 8
482 5 7
482 6 8
482 7 8
482 8 7
482 9 7
482 10 8
483 1 9
483 2 7
483 3 7
483 4 8
483 5 9
483 6 7
483 7 7
483 8 9
483 9 8
483 10 7
484 1 8
484 2 9
484 3 7
484 4 8
484 5 9
484 6 9
484 7 7
484 8 8
484 9 7
484 10 7
485 1 7
485 2 7
485 3 7
485 4 8
485 5 9
485 6 9
485 7 7
485 8 9
485 9 6
485 10 8
486 1 8
486 2 8
486 3 9
486 4 7
486 5 6
486 6 7
486 7 7
486 8 8
486 9 8
486 10 9
487 1 9
487 2 6
487 3 8
487 4 8
487 5 6
487 6 8
487 7 8
487 8 7
487 9 7
487 10 9
488 1 9
488 2 9
488 3 8
488 4 9
488 5 9
488 6 7
488 7 9
488 8 6
488 9 9
488 10 9
489 1 8
489 2 8
489 3 9
489 4 9
489 5 9
489 6 9
489 7 7
489 8 9
489 9 9
489 10 8
490 1 9
490 2 9
490 3 6
490 4 9
490 5 9
490 6 7
490 7 8
490 8 8
490 9 9
490 10 8
491 1 9
491 2 7
491 3 6
491 4 6
491 5 7
491 6 9
491 7 9
491 8 7
491 9 8
491 10 6
492 1 8
492 2 8
492 3 8
492 4 6
492 5 8
492 6 6
492 7 7
492 8 9
492 9 7
492 10 7
493 1 8
493 2 7
493 3 9
493 4 8
493 5 6
493 6 8
493 7 9
493 8 9
493 9 7
493 10 8
494 1 7
494 2 7
494 3 6
494 4 8
494 5 9
494 6 8
494 7 8
494 8 7
494 9 8
494 10 6
495 1 9
495 2 8
495 3 7
495 4 9
495 5 6
495 6 8
495 7 7
495 8 9
495 9 9
495 10 8
496 1 6
496 2 8
496 3 6
496 4 6
496 5 6
496 6 6
496 7 6
496 8 8
496 9 6
496 10 7
497 1 8
497 2 8
497 3 8
497 4 7
497 5 8
497 6 9
497 7 8
497 8 8
497 9 6
497 10 9
498 1 6
498 2 7
498 3 8
498 4 8
498 5 7
498 6 7
498 7 7
498 8 9
498 9 9
498 10 7
499 1 8
499 2 7
499 3 7
499 4 9
499 5 8
499 6 7
499 7 9
499 8 9
499 9 8
499 10 8
500 1 8
500 2 7
500 3 7
500 4 9
500 5 6
500 6 9
500 7 8
500 8 9
500 9 7
500 10 7
501 1 7
501 2 7
501 3 9
501 4 9
501 5 9
501 6 8
501 7 7
501 8 9
501 9 9
501 10 9
502 1 8
502 2 8
502 3 9
502 4 9
502 5 6
502 6 7
502 7 6
502 8 7
502 9 9
502 10 6
503 1 9
503 2 7
503 3 6
503 4 9
503 5 7
503 6 8
503 7 7
503 8 8
503 9 8
503 10 6
504 1 9
504 2 9
504 3 6
504 4 8
504 5 8
504 6 6
504 7 7
504 8 8
504 9 7
504 10 8
505 1 7
505 2 9
505 3 9
505 4 6
505 5 8
505 6 8
505 7 9
505 8 7
505 9 7
505 10 7
506 1 8
506 2 8
506 3 8
506 4 8
506 5 7
506 6 7
506 7 8
506 8 9
506 9 7
506 10 9
507 1 7
507 2 9
507 3 9
507 4 8
507 5 9
507 6 6
507 7 8
507 8 8
507 9 8
507 10 8
508 1 7
508 2 8
508 3 7
508 4 8
508 5 9
508 6 7
508 7 8
508 8 9
508 9 9
508 10 7
509 1 8
509 2 7
509 3 9
509 4 9
509 5 9
509 6 8
509 7 9
509 8 7
509 9 9
509 10 9
510 1 8
510 2 9
510 3 7
510 4 9
510 5 9
510 6 9
510 7 6
510 8 9
510 9 7
510 10 9
511 1 7
511 2 8
511 3 7
511 4 8
511 5 8
511 6 8
511 7 8
511 8 7
511 9 8
511 10 7
512 1 8
512 2 8
512 3 7
512 4 8
512 5 9
512 6 7
512 7 9
512 8 9
512 9 8
512 10 6
513 1 7
513 2 6
513 3 8
513 4 8
513 5 7
513 6 8
513 7 9
513 8 8
513 9 8
513 10 7
514 1 8
514 2 7
514 3 7
514 4 9
514 5 9
514 6 8
514 7 9
514 8 8
514 9 8
514 10 6
515 1 9
515 2 9
515 3 7
515 4 7
515 5 7
515 6 9
515 7 8
515 8 6
515 9 9
515 10 9
516 1 8
516 2 9
516 3 7
516 4 7
516 5 7
516 6 7
516 7 9
516 8 7
516 9 6
516 10 9
517 1 9
517 2 9
517 3 6
517 4 7
517 5 9
517 6 7
517 7 8
517 8 8
517 9 7
517 10 9
518 1 8
518 2 8
518 3 7
518 4 7
518 5 7
518 6 9
518 7 8
518 8 7
518 9 7
518 10 8
519 1 9
519 2 9
519 3 9
519 4 8
519 5 7
519 6 9
519 7 8
519 8 9
519 9 8
519 10 6
520 1 7
520 2 8
520 3 9
520 4 7
520 5 6
520 6 9
520 7 9
520 8 8
520 9 7
520 10 7
521 1 9
521 2 6
521 3 6
521 4 8
521 5 6
521 6 6
521 7 8
521 8 6
521 9 6
521 10 8
522 1 9
522 2 7
522 3 9
522 4 7
522 5 7
522 6 9
522 7 6
522 8 7
522 9 7
522 10 7
523 1 9
523 2 8
523 3 7
523 4 8
523 5 8
523 6 9
523 7 6
523 8 7
523 9 6
523 10 8
524 1 9
524 2 9
524 3 6
524 4 8
524 5 7
524 6 9
524 7 8
524 8 9
524 9 8
524 10 8
525 1 9
525 2 8
525 3 8
525 4 7
525 5 8
525 6 8
525 7 7
525 8 7
525 9 9
525 10 8
526 1 8
526 2 9
526 3 9
526 4 8
526 5 6
526 6 6
526 7 9
526 8 9
526 9 9
526 10 9
527 1 7
527 2 7
527 3 8
527 4 9
527 5 7
527 6 6
527 7 8
527 8 7
527 9 8
527 10 6
528 1 8
528 2 8
528 3 9
528 4 9
528 5 8
528 6 8
528 7 6
528 8 8
528 9 9
528 10 8
529 1 9
529 2 9
529 3 6
529 4 9
529 5 8
529 6 8
529 7 9
529 8 6
529 9 7
529 10 9
530 1 8
530 2 6
530 3 7
530 4 8
530 5 8
530 6 6
530 7 8
530 8 7
530 9 8
530 10 9
531 1 7
531 2 9
531 3 8
531 4 7
531 5 6
531 6 9
531 7 9
531 8 7
531 9 9
531 10 7
532 1 6
532 2 8
532 3 6
532 4 6
532 5 8
532 6 8
532 7 6
532 8 7
532 9 6
532 10 6
533 1 6
533 2 6
533 3 8
533 4 6
533 5 9
533 6 9
533 7 8
533 8 8
533 9 7
533 10 7
534 1 7
534 2 8
534 3 8
534 4 6
534 5 6
534 6 6
534 7 7
534 8 9
534 9 8
534 10 6
535 1 9
535 2 8
535 3 6
535 4 6
535 5 9
535 6 7
535 7 7
535 8 9
535 9 7
535 10 8
536 1 9
536 2 8
536 3 9
536 4 9
536 5 9
536 6 8
536 7 9
536 8 9
536 9 8
536 10 8
537 1 8
537 2 7
537 3 6
537 4 9
537 5 7
537 6 6
537 7 9
537 8 8
537 9 6
537 10 6
538 1 7
538 2 9
538 3 8
538 4 7
538 5 7
538 6 9
538 7 6
538 8 8
538 9 6
538 10 8
539 1 7
539 2 8
539 3 9
539 4 8
539 5 7
539 6 9
539 7 7
539 8 7
539 9 8
539 10 9
540 1 6
540 2 6
540 3 9
540 4 6
540 5 6
540 6 7
540 7 9
540 8 7
540 9 8
540 10 6
541 1 7
541 2 9
541 3 7
541 4 8
541 5 8
541 6 8
541 7 6
541 8 7
541 9 6
541 10 8
542 1 6
542 2 8
542 3 8
542 4 7
542 5 8
542 6 8
542 7 6
542 8 9
542 9 8
542 10 7
543 1 6
543 2 8
543 3 9
543 4 7
543 5 6
543 6 9
543 7 8
543 8 8
543 9 8
543 10 9
544 1 7
544 2 7
544 3 8
544 4 8
544 5 7
544 6 7
544 7 8
544 8 8
544 9 9
544 10 6
545 1 7
545 2 8
545 3 7
545 4 7
545 5 7
545 6 9
545 7 7
545 8 8
545 9 7
545 10 8
546 1 8
546 2 8
546 3 8
546 4 8
546 5 6
546 6 8
546 7 9
546 8 8
546 9 7
546 10 9
547 1 6
547 2 7
547 3 7
547 4 9
547 5 9
547 6 7
547 7 8
547 8 9
547 9 8
547 10 9
548 1 7
548 2 8
548 3 9
548 4 9
548 5 9
548 6 6
548 7 9
548 8 8
548 9 7
548 10 9
549 1 9
549 2 7
549 3 6
549 4 9
549 5 8
549 6 8
549 7 9
549 8 7
549 9 9
549 10 9
550 1 8
550 2 8
550 3 6
550 4 9
550 5 8
550 6 7
550 7 7
550 8 8
550 9 8
550 10 7
551 1 9
551 2 9
551 3 6
551 4 9
551 5 8
551 6 7
551 7 7
551 8 6
551 9 8
551 10 7
552 1 7
552 2 7
552 3 7
552 4 8
552 5 7
552 6 7
552 7 8
552 8 8
552 9 9
552 10 6
553 1 9
553 2 7
553 3 9
553 4 9
553 5 6
553 6 7
553 7 7
553 8 8
553 9 7
553 10 7
554 1 8
554 2 8
554 3 9
554 4 9
554 5 9
554 6 9
554 7 7
554 8 9
554 9 8
554 10 8
555 1 8
555 2 7
555 3 9
555 4 7
555 5 7
555 6 9
555 7 7
555 8 7
555 9 9
555 10 9
556 1 9
556 2 6
556 3 8
556 4 8
556 5 8
556 6 6
556 7 9
556 8 8
556 9 8
556 10 7
557 1 8
557 2 9
557 3 9
557 4 9
557 5 6
557 6 7
557 7 8
557 8 7
557 9 9
557 10 6
558 1 9
558 2 8
558 3 8
558 4 8
558 5 7
558 6 9
558 7 9
558 8 6
558 9 6
558 10 8
559 1 9
559 2 7
559 3 6
559 4 6
559 5 6
559 6 6
559 7 7
559 8 9
559 9 6
559 10 6
560 1 9
560 2 7
560 3 6
560 4 8
560 5 7
560 6 7
560 7 7
560 8 7
560 9 7
560 10 8
561 1 7
561 2 8
561 3 6
561 4 8
561 5 8
561 6 8
561 7 9
561 8 8
561 9 8
561 10 6
562 1 7
562 2 8
562 3 7
562 4 8
562 5 7
562 6 8
562 7 7
562 8 8
562 9 7
562 10 9
563 1 8
563 2 9
563 3 9
563 4 6
563 5 8
563 6 8
563 7 6
563 8 6
563 9 9
563 10 7
564 1 8
564 2 9
564 3 7
564 4 7
564 5 7
564 6 7
564 7 8
564 8 8
564 9 9
564 10 8
565 1 8
565 2 8
565 3 7
565 4 8
565 5 6
565 6 7
565 7 6
565 8 9
565 9 8
565 10 8
566 1 8
566 2 9
566 3 7
566 4 8
566 5 7
566 6 9
566 7 8
566 8 6
566 9 9
566 10 6
567 1 6
567 2 7
567 3 9
567 4 8
567 5 7
567 6 8
567 7 8
567 8 8
567 9 7
567 10 7
568 1 8
568 2 8
568 3 9
568 4 9
568 5 8
568 6 8
568 7 7
568 8 7
568 9 6
568 10 9
569 1 8
569 2 7
569 3 6
569 4 7
569 5 6
569 6 6
569 7 9
569 8 8
569 9 9
569 10 8
570 1 6
570 2 8
570 3 9
570 4 6
570 5 7
570 6 9
570 7 6
570 8 9
570 9 7
570 10 8
571 1 6
571 2 8
571 3 8
571 4 6
571 5 9
571 6 7
571 7 9
571 8 8
571 9 9
571 10 8
572 1 8
572 2 6
572 3 9
572 4 9
572 5 8
572 6 6
572 7 6
572 8 8
572 9 6
572 10 7
573 1 9
573 2 9
573 3 6
573 4 9
573 5 8
573 6 6
573 7 9
573 8 7
573 9 8
573 10 9
574 1 9
574 2 9
574 3 6
574 4 8
574 5 6
574 6 8
574 7 6
574 8 7
574 9 7
574 10 8
575 1 7
575 2 7
575 3 7
575 4 8
575 5 7
575 6 7
575 7 9
575 8 9
575 9 7
575 10 8
576 1 6
576 2 6
576 3 9
576 4 9
576 5 9
576 6 6
576 7 9
576 8 8
576 9 9
576 10 7
577 1 8
577 2 6
577 3 9
577 4 7
577 5 7
577 6 8
577 7 8
577 8 8
577 9 9
577 10 9
578 1 9
578 2 9
578 3 9
578 4 8
578 5 8
578 6 7
578 7 7
578 8 9
578 9 6
578 10 9
579 1 7
579 2 8
579 3 6
579 4 7
579 5 9
579 6 9
579 7 9
579 8 8
579 9 9
579 10 7
580 1 6
580 2 7
580 3 6
580 4 9
580 5 8
580 6 6
580 7 9
580 8 8
580 9 9
580 10 7
581 1 7
581 2 8
581 3 7
581 4 6
581 5 8
581 6 8
581 7 8
581 8 9
581 9 8
581 10 7
582 1 9
582 2 8
582 3 7
582 4 9
582 5 6
582 6 6
582 7 6
582 8 8
582 9 6
582 10 8
583 1 7
583 2 6
583 3 7
583 4 8
583 5 9
583 6 7
583 7 9
583 8 8
583 9 8
583 10 9
584 1 7
584 2 8
584 3 7
584 4 9
584 5 8
584 6 7
584 7 9
584 8 6
584 9 6
584 10 8
585 1 6
585 2 8
585 3 8
585 4 9
585 5 7
585 6 8
585 7 8
585 8 6
585 9 9
585 10 6
586 1 8
586 2 8
586 3 7
586 4 8
586 5 8
586 6 6
586 7 8
586 8 7
586 9 8
586 10 7
587 1 7
587 2 8
587 3 7
587 4 7
587 5 6
587 6 7
587 7 6
587 8 7
587 9 7
587 10 9
588 1 7
588 2 7
588 3 8
588 4 7
588 5 7
588 6 9
588 7 7
588 8 6
588 9 6
588 10 8
589 1 7
589 2 6
589 3 7
589 4 8
589 5 6
589 6 6
589 7 8
589 8 6
589 9 8
589 10 8
590 1 8
590 2 8
590 3 7
590 4 7
590 5 8
590 6 7
590 7 8
590 8 7
590 9 9
590 10 7
591 1 8
591 2 8
591 3 9
591 4 6
591 5 7
591 6 8
591 7 7
591 8 7
591 9 9
591 10 9
592 1 9
592 2 9
592 3 8
592 4 7
592 5 9
592 6 7
592 7 6
592 8 8
592 9 8
592 10 7
593 1 7
593 2 6
593 3 7
593 4 7
593 5 9
593 6 7
593 7 9
593 8 6
593 9 7
593 10 9
594 1 6
594 2 7
594 3 8
594 4 8
594 5 9
594 6 7
594 7 8
594 8 9
594 9 6
594 10 6
595 1 8
595 2 7
595 3 9
595 4 9
595 5 6
595 6 8
595 7 7
595 8 8
595 9 8
595 10 6
596 1 6
596 2 7
596 3 8
596 4 8
596 5 7
596 6 7
596 7 8
596 8 9
596 9 7
596 10 7
597 1 8
597 2 8
597 3 6
597 4 7
597 5 6
597 6 6
597 7 7
597 8 9
597 9 7
597 10 7
598 1 7
598 2 6
598 3 6
598 4 9
598 5 7
598 6 8
598 7 7
598 8 7
598 9 8
598 10 6
599 1 7
599 2 8
599 3 9
599 4 6
599 5 9
599 6 8
599 7 9
599 8 9
599 9 7
599 10 8
600 1 9
600 2 9
600 3 6
600 4 8
600 5 6
600 6 7
600 7 7
600 8 6
600 9 8
600 10 6
601 1 7
601 2 7
601 3 9
601 4 8
601 5 9
601 6 7
601 7 6
601 8 9
601 9 9
601 10 6
602 1 6
602 2 9
602 3 7
602 4 6
602 5 6
602 6 9
602 7 6
602 8 6
602 9 8
602 10 7
603 1 8
603 2 9
603 3 8
603 4 8
603 5 8
603 6 7
603 7 9
603 8 6
603 9 8
603 10 8
604 1 7
604 2 7
604 3 7
604 4 6
604 5 8
604 6 8
604 7 6
604 8 9
604 9 8
604 10 9
605 1 7
605 2 9
605 3 9
605 4 8
605 5 6
605 6 8
605 7 7
605 8 7
605 9 6
605 10 8
606 1 8
606 2 9
606 3 8
606 4 9
606 5 6
606 6 9
606 7 6
606 8 9
606 9 9
606 10 8
607 1 8
607 2 8
607 3 8
607 4 7
607 5 9
607 6 9
607 7 8
607 8 8
607 9 7
607 10 9
608 1 7
608 2 7
608 3 9
608 4 9
608 5 7
608 6 7
608 7 9
608 8 9
608 9 9
608 10 8
609 1 9
609 2 7
609 3 8
609 4 9
609 5 9
609 6 9
609 7 9
609 8 9
609 9 6
609 10 9
610 1 7
610 2 8
610 3 9
610 4 9
610 5 9
610 6 8
610 7 8
610 8 9
610 9 8
610 10 8
611 1 7
611 2 6
611 3 7
611 4 7
611 5 9
611 6 8
611 7 8
611 8 7
611 9 7
611 10 8
612 1 7
612 2 6
612 3 9
612 4 6
612 5 7
612 6 7
612 7 9
612 8 8
612 9 9
612 10 7
613 1 6
613 2 9
613 3 9
613 4 8
613 5 7
613 6 9
613 7 6
613 8 9
613 9 9
613 10 9
614 1 9
614 2 9
614 3 8
614 4 6
614 5 7
614 6 8
614 7 6
614 8 9
614 9 8
614 10 8
615 1 6
615 2 7
615 3 9
615 4 7
615 5 7
615 6 9
615 7 9
615 8 8
615 9 8
615 10 9
616 1 8
616 2 9
616 3 7
616 4 8
616 5 7
616 6 7
616 7 9
616 8 6
616 9 6
616 10 7
617 1 7
617 2 7
617 3 8
617 4 8
617 5 7
617 6 8
617 7 9
617 8 7
617 9 9
617 10 7
618 1 8
618 2 8
618 3 8
618 4 9
618 5 9
618 6 8
618 7 9
618 8 9
618 9 6
618 10 8
619 1 9
619 2 9
619 3 6
619 4 7
619 5 7
619 6 8
619 7 8
619 8 8
619 9 6
619 10 6
620 1 8
620 2 7
620 3 6
620 4 7
620 5 8
620 6 6
620 7 8
620 8 6
620 9 9
620 10 8
621 1 9
621 2 7
621 3 7
621 4 9
621 5 6
621 6 7
621 7 9
621 8 8
621 9 7
621 10 8
622 1 6
622 2 8
622 3 9
622 4 8
622 5 6
622 6 7
622 7 9
622 8 9
622 9 7
622 10 9
623 1 7
623 2 8
623 3 8
623 4 8
623 5 7
623 6 9
623 7 6
623 8 9
623 9 9
623 10 7
624 1 8
624 2 6
624 3 9
624 4 6
624 5 7
624 6 7
624 7 8
624 8 7
624 9 7
624 10 6
625 1 9
625 2 6
625 3 7
625 4 8
625 5 8
625 6 9
625 7 8
625 8 7
625 9 9
625 10 8
626 1 8
626 2 7
626 3 7
626 4 8
626 5 7
626 6 7
626 7 8
626 8 9
626 9 8
626 10 6
627 1 8
627 2 6
627 3 8
627 4 8
627 5 7
627 6 9
627 7 7
627 8 8
627 9 6
627 10 7
628 1 8
628 2 9
628 3 8
628 4 9
628 5 9
628 6 8
628 7 6
628 8 6
628 9 7
628 10 7
629 1 7
629 2 8
629 3 6
629 4 8
629 5 9
629 6 6
629 7 9
629 8 8
629 9 8
629 10 8
630 1 7
630 2 6
630 3 7
630 4 6
630 5 8
630 6 9
630 7 6
630 8 8
630 9 6
630 10 8
631 1 7
631 2 7
631 3 6
631 4 9
631 5 7
631 6 8
631 7 8
631 8 6
631 9 9
631 10 9
632 1 8
632 2 8
632 3 6
632 4 7
632 5 9
632 6 8
632 7 8
632 8 7
632 9 9
632 10 8
633 1 6
633 2 9
633 3 7
633 4 8
633 5 8
633 6 6
633 7 9
633 8 8
633 9 9
633 10 6
634 1 9
634 2 8
634 3 9
634 4 9
634 5 7
634 6 9
634 7 9
634 8 8
634 9 8
634 10 9
635 1 9
635 2 6
635 3 8
635 4 9
635 5 7
635 6 7
635 7 9
635 8 7
635 9 9
635 10 7
636 1 7
636 2 7
636 3 7
636 4 6
636 5 7
636 6 8
636 7 6
636 8 6
636 9 8
636 10 8
637 1 6
637 2 7
637 3 8
637 4 7
637 5 9
637 6 8
637 7 8
637 8 7
637 9 8
637 10 7
638 1 8
638 2 8
638 3 7
638 4 7
638 5 9
638 6 6
638 7 8
638 8 9
638 9 9
638 10 9
639 1 8
639 2 9
639 3 6
639 4 8
639 5 6
639 6 7
639 7 9
639 8 9
639 9 8
639 10 9
640 1 6
640 2 7
640 3 6
640 4 8
640 5 6
640 6 8
640 7 9
640 8 7
640 9 7
640 10 8
641 1 9
641 2 9
641 3 9
641 4 9
641 5 9
641 6 7
641 7 9
641 8 6
641 9 7
641 10 6
642 1 9
642 2 9
642 3 7
642 4 7
642 5 7
642 6 6
642 7 9
642 8 6
642 9 9
642 10 6
643 1 6
643 2 7
643 3 6
643 4 8
643 5 8
643 6 9
643 7 8
643 8 6
643 9 7
643 10 6
644 1 7
644 2 6
644 3 7
644 4 9
644 5 7
644 6 6
644 7 7
644 8 9
644 9 9
644 10 7
645 1 7
645 2 8
645 3 9
645 4 8
645 5 8
645 6 8
645 7 9
645 8 9
645 9 9
645 10 8
646 1 8
646 2 6
646 3 9
646 4 9
646 5 8
646 6 7
646 7 9
646 8 7
646 9 6
646 10 7
647 1 6
647 2 7
647 3 6
647 4 6
647 5 7
647 6 8
647 7 6
647 8 7
647 9 7
647 10 9
648 1 9
648 2 7
648 3 8
648 4 7
648 5 6
648 6 9
648 7 6
648 8 7
648 9 8
648 10 7
649 1 7
649 2 9
649 3 9
649 4 6
649 5 8
649 6 8
649 7 9
649 8 9
649 9 9
649 10 7
650 1 9
650 2 9
650 3 7
650 4 8
650 5 7
650 6 7
650 7 7
650 8 9
650 9 6
650 10 7
651 1 9
651 2 7
651 3 8
651 4 9
651 5 7
651 6 8
651 7 7
651 8 7
651 9 7
651 10 9
652 1 8
652 2 7
652 3 9
652 4 9
652 5 8
652 6 8
652 7 7
652 8 6
652 9 8
652 10 6
653 1 7
653 2 6
653 3 7
653 4 9
653 5 8
653 6 8
653 7 8
653 8 6
653 9 7
653 10 6
654 1 6
654 2 8
654 3 7
654 4 7
654 5 9
654 6 7
654 7 6
654 8 9
654 9 6
654 10 6
655 1 6
655 2 9
655 3 7
655 4 8
655 5 8
655 6 9
655 7 9
655 8 9
655 9 9
655 10 7
656 1 6
656 2 6
656 3 9
656 4 7
656 5 8
656 6 7
656 7 7
656 8 8
656 9 7
656 10 9
657 1 9
657 2 7
657 3 8
657 4 7
657 5 6
657 6 8
657 7 6
657 8 8
657 9 7
657 10 9
658 1 7
658 2 8
658 3 8
658 4 7
658 5 6
658 6 6
658 7 9
658 8 8
658 9 7
658 10 7
659 1 9
659 2 7
659 3 8
659 4 9
659 5 9
659 6 7
659 7 7
659 8 8
659 9 9
659 10 9
660 1 8
660 2 9
660 3 7
660 4 9
660 5 8
660 6 7
660 7 9
660 8 9
660 9 6
660 10 6
661 1 9
661 2 7
661 3 9
661 4 9
661 5 8
661 6 9
661 7 9
661 8 8
661 9 8
661 10 6
662 1 6
662 2 9
662 3 7
662 4 8
662 5 9
662 6 9
662 7 7
662 8 7
662 9 8
662 10 6
663 1 8
663 2 8
663 3 9
663 4 7
663 5 7
663 6 6
663 7 6
663 8 9
663 9 7
663 10 9
664 1 7
664 2 8
664 3 9
664 4 7
664 5 9
664 6 9
664 7 9
664 8 9
664 9 6
664 10 7
665 1 6
665 2 8
665 3 7
665 4 9
665 5 7
665 6 8
665 7 9
665 8 8
665 9 9
665 10 7
666 1 6
666 2 9
666 3 7
666 4 7
666 5 7
666 6 9
666 7 6
666 8 6
666 9 9
666 10 9
667 1 6
667 2 8
667 3 9
667 4 8
667 5 8
667 6 8
667 7 7
667 8 7
667 9 9
667 10 9
668 1 9
668 2 9
668 3 9
668 4 8
668 5 8
668 6 7
668 7 9
668 8 7
668 9 6
668 10 9
669 1 7
669 2 8
669 3 8
669 4 9
669 5 6
669 6 8
669 7 8
669 8 9
669 9 9
669 10 8
670 1 8
670 2 7
670 3 8
670 4 8
670 5 8
670 6 7
670 7 9
670 8 9
670 9 7
670 10 7
671 1 6
671 2 9
671 3 7
671 4 8
671 5 8
671 6 9
671 7 6
671 8 9
671 9 8
671 10 7
672 1 9
672 2 6
672 3 7
672 4 7
672 5 9
672 6 6
672 7 9
672 8 8
672 9 8
672 10 9
673 1 8
673 2 7
673 3 7
673 4 9
673 5 9
673 6 7
673 7 8
673 8 6
673 9 9
673 10 9
674 1 7
674 2 8
674 3 8
674 4 9
674 5 8
674 6 9
674 7 6
674 8 7
674 9 7
674 10 7
675 1 9
675 2 8
675 3 9
675 4 8
675 5 8
675 6 6
675 7 7
675 8 9
675 9 7
675 10 7
676 1 6
676 2 7
676 3 9
676 4 7
676 5 9
676 6 9
676 7 6
676 8 9
676 9 7
676 10 8
677 1 7
677 2 8
677 3 9
677 4 6
677 5 7
677 6 7
677 7 9
677 8 6
677 9 8
677 10 7
678 1 7
678 2 8
678 3 8
678 4 8
678 5 8
678 6 8
678 7 8
678 8 7
678 9 9
678 10 9
679 1 9
679 2 8
679 3 7
679 4 9
679 5 7
679 6 7
679 7 9
679 8 7
679 9 6
679 10 6
680 1 9
680 2 9
680 3 6
680 4 7
680 5 8
680 6 7
680 7 7
680 8 9
680 9 7
680 10 7
681 1 9
681 2 6
681 3 7
681 4 9
681 5 9
681 6 7
681 7 8
681 8 7
681 9 7
681 10 9
682 1 7
682 2 6
682 3 8
682 4 8
682 5 7
682 6 8
682 7 6
682 8 7
682 9 8
682 10 8
683 1 7
683 2 9
683 3 8
683 4 7
683 5 6
683 6 9
683 7 7
683 8 6
683 9 6
683 10 7
684 1 9
684 2 9
684 3 7
684 4 9
684 5 6
684 6 9
684 7 9
684 8 8
684 9 7
684 10 8
685 1 6
685 2 8
685 3 8
685 4 7
685 5 7
685 6 6
685 7 9
685 8 8
685 9 7
685 10 9
686 1 6
686 2 7
686 3 6
686 4 6
686 5 7
686 6 6
686 7 8
686 8 7
686 9 9
686 10 8
687 1 8
687 2 7
687 3 9
687 4 6
687 5 6
687 6 7
687 7 7
687 8 8
687 9 7
687 10 7
688 1 6
688 2 9
688 3 9
688 4 8
688 5 8
688 6 8
688 7 6
688 8 7
688 9 9
688 10 7
689 1 8
689 2 9
689 3 9
689 4 8
689 5 7
689 6 9
689 7 7
689 8 9
689 9 8
689 10 6
690 1 9
690 2 7
690 3 9
690 4 8
690 5 8
690 6 7
690 7 9
690 8 9
690 9 9
690 10 8
691 1 8
691 2 6
691 3 8
691 4 7
691 5 9
691 6 7
691 7 6
691 8 8
691 9 6
691 10 9
692 1 7
692 2 8
692 3 9
692 4 6
692 5 8
692 6 7
692 7 6
692 8 9
692 9 6
692 10 9
693 1 9
693 2 9
693 3 7
693 4 9
693 5 9
693 6 7
693 7 9
693 8 7
693 9 9
693 10 7
694 1 7
694 2 6
694 3 7
694 4 8
694 5 8
694 6 6
694 7 8
694 8 8
694 9 8
694 10 7
695 1 7
695 2 7
695 3 8
695 4 8
695 5 7
695 6 9
695 7 8
695 8 7
695 9 8
695 10 6
696 1 7
696 2 9
696 3 9
696 4 8
696 5 9
696 6 9
696 7 7
696 8 8
696 9 8
696 10 7
697 1 9
697 2 6
697 3 8
697 4 6
697 5 6
697 6 8
697 7 8
697 8 7
697 9 7
697 10 7
698 1 9
698 2 7
698 3 7
698 4 7
698 5 7
698 6 7
698 7 8
698 8 9
698 9 8
698 10 9
699 1 6
699 2 7
699 3 9
699 4 8
699 5 8
699 6 7
699 7 9
699 8 9
699 9 9
699 10 8
700 1 7
700 2 7
700 3 6
700 4 9
700 5 6
700 6 9
700 7 7
700 8 6
700 9 9
700 10 8
701 1 8
701 2 9
701 3 6
701 4 8
701 5 8
701 6 9
701 7 8
701 8 9
701 9 7
701 10 9
702 1 9
702 2 6
702 3 7
702 4 8
702 5 9
702 6 6
702 7 8
702 8 9
702 9 9
702 10 7
703 1 7
703 2 9
703 3 6
703 4 7
703 5 9
703 6 7
703 7 8
703 8 7
703 9 8
703 10 8
704 1 9
704 2 7
704 3 6
704 4 7
704 5 9
704 6 7
704 7 6
704 8 6
704 9 7
704 10 8
705 1 8
705 2 8
705 3 8
705 4 7
705 5 8
705 6 9
705 7 6
705 8 8
705 9 8
705 10 7
706 1 7
706 2 8
706 3 7
706 4 6
706 5 7
706 6 9
706 7 9
706 8 6
706 9 7
706 10 7
707 1 8
707 2 9
707 3 8
707 4 8
707 5 7
707 6 9
707 7 8
707 8 7
707 9 8
707 10 8
708 1 8
708 2 6
708 3 7
708 4 9
708 5 9
708 6 8
708 7 9
708 8 9
708 9 9
708 10 6
709 1 8
709 2 8
709 3 7
709 4 7
709 5 7
709 6 8
709 7 9
709 8 9
709 9 6
709 10 8
710 1 7
710 2 7
710 3 7
710 4 6
710 5 9
710 6 9
710 7 9
710 8 7
710 9 9
710 10 9
711 1 9
711 2 8
711 3 9
711 4 7
711 5 7
711 6 9
711 7 9
711 8 7
711 9 6
711 10 6
712 1 6
712 2 7
712 3 8
712 4 7
712 5 7
712 6 7
712 7 7
712 8 9
712 9 7
712 10 7
713 1 8
713 2 7
713 3 7
713 4 8
713 5 6
713 6 9
713 7 7
713 8 8
713 9 8
713 10 9
714 1 7
714 2 8
714 3 7
714 4 7
714 5 6
714 6 6
714 7 7
714 8 8
714 9 9
714 10 6
715 1 7
715 2 8
715 3 8
715 4 8
715 5 9
715 6 7
715 7 9
715 8 7
715 9 7
715 10 7
716 1 8
716 2 7
716 3 9
716 4 7
716 5 7
716 6 8
716 7 9
716 8 8
716 9 9
716 10 6
717 1 7
717 2 7
717 3 8
717 4 9
717 5 8
717 6 7
717 7 9
717 8 8
717 9 6
717 10 8
718 1 7
718 2 6
718 3 8
718 4 7
718 5 6
718 6 7
718 7 7
718 8 9
718 9 8
718 10 7
719 1 7
719 2 7
719 3 6
719 4 9
719 5 7
719 6 8
719 7 7
719 8 7
719 9 6
719 10 6
720 1 9
720 2 7
720 3 9
720 4 6
720 5 8
720 6 6
720 7 7
720 8 6
720 9 8
720 10 7
721 1 7
721 2 7
721 3 9
721 4 9
721 5 9
721 6 8
721 7 8
721 8 8
721 9 9
721 10 6
722 1 7
722 2 6
722 3 9
722 4 8
722 5 7
722 6 8
722 7 9
722 8 7
722 9 8
722 10 7
723 1 7
723 2 8
723 3 9
723 4 9
723 5 6
723 6 6
723 7 8
723 8 7
723 9 9
723 10 7
724 1 8
724 2 7
724 3 7
724 4 7
724 5 8
724 6 9
724 7 9
724 8 9
724 9 6
724 10 8
725 1 9
725 2 7
725 3 9
725 4 9
725 5 6
725 6 8
725 7 8
725 8 9
725 9 7
725 10 6
726 1 8
726 2 8
726 3 8
726 4 9
726 5 7
726 6 9
726 7 8
726 8 7
726 9 9
726 10 7
727 1 8
727 2 6
727 3 9
727 4 7
727 5 9
727 6 9
727 7 7
727 8 7
727 9 9
727 10 9
728 1 7
728 2 9
728 3 8
728 4 8
728 5 7
728 6 7
728 7 8
728 8 8
728 9 7
728 10 8
729 1 8
729 2 6
729 3 6
729 4 6
729 5 9
729 6 9
729 7 8
729 8 9
729 9 7
729 10 7
730 1 9
730 2 7
730 3 7
730 4 7
730 5 6
730 6 8
730 7 9
730 8 9
730 9 6
730 10 7
731 1 8
731 2 6
731 3 6
731 4 6
731 5 9
731 6 7
731 7 8
731 8 6
731 9 7
731 10 9
732 1 6
732 2 9
732 3 8
732 4 9
732 5 9
732 6 6
732 7 8
732 8 8
732 9 7
732 10 9
733 1 6
733 2 7
733 3 8
733 4 8
733 5 7
733 6 6
733 7 9
733 8 7
733 9 8
733 10 9
734 1 7
734 2 8
734 3 7
734 4 7
734 5 9
734 6 6
734 7 8
734 8 8
734 9 6
734 10 7
735 1 8
735 2 8
735 3 6
735 4 7
735 5 9
735 6 9
735 7 9
735 8 9
735 9 7
735 10 8
736 1 6
736 2 6
736 3 7
736 4 9
736 5 8
736 6 8
736 7 7
736 8 6
736 9 8
736 10 6
737 1 9
737 2 9
737 3 9
737 4 7
737 5 6
737 6 7
737 7 8
737 8 9
737 9 7
737 10 8
738 1 8
738 2 6
738 3 8
738 4 8
738 5 9
738 6 9
738 7 7
738 8 9
738 9 8
738 10 9
739 1 9
739 2 7
739 3 7
739 4 6
739 5 7
739 6 7
739 7 8
739 8 9
739 9 7
739 10 8
740 1 7
740 2 8
740 3 9
740 4 9
740 5 6
740 6 8
740 7 7
740 8 7
740 9 8
740 10 8
741 1 7
741 2 9
741 3 7
741 4 7
741 5 9
741 6 7
741 7 9
741 8 9
741 9 6
741 10 7
742 1 8
742 2 6
742 3 8
742 4 7
742 5 8
742 6 6
742 7 8
742 8 8
742 9 6
742 10 6
743 1 8
743 2 6
743 3 7
743 4 6
743 5 8
743 6 8
743 7 9
743 8 7
743 9 6
743 10 8
744 1 7
744 2 7
744 3 7
744 4 8
744 5 8
744 6 9
744 7 9
744 8 7
744 9 7
744 10 7
745 1 7
745 2 8
745 3 7
745 4 7
745 5 6
745 6 7
745 7 8
745 8 8
745 9 9
745 10 6
746 1 7
746 2 7
746 3 7
746 4 7
746 5 8
746 6 7
746 7 9
746 8 7
746 9 9
746 10 9
747 1 7
747 2 8
747 3 9
747 4 7
747 5 9
747 6 9
747 7 9
747 8 8
747 9 7
747 10 9
748 1 9
748 2 8
748 3 9
748 4 8
748 5 8
748 6 9
748 7 8
748 8 6
748 9 7
748 10 6
749 1 7
749 2 7
749 3 7
749 4 7
749 5 7
749 6 8
749 7 8
749 8 9
749 9 9
749 10 9
750 1 7
750 2 8
750 3 8
750 4 9
750 5 8
750 6 7
750 7 8
750 8 9
750 9 7
750 10 8
751 1 7
751 2 8
751 3 6
751 4 6
751 5 9
751 6 9
751 7 9
751 8 6
751 9 8
751 10 7
752 1 8
752 2 9
752 3 9
752 4 8
752 5 6
752 6 9
752 7 9
752 8 6
752 9 6
752 10 8
753 1 8
753 2 7
753 3 9
753 4 8
753 5 6
753 6 8
753 7 6
753 8 6
753 9 7
753 10 7
754 1 8
754 2 9
754 3 7
754 4 8
754 5 8
754 6 8
754 7 6
754 8 7
754 9 7
754 10 6
755 1 8
755 2 6
755 3 7
755 4 9
755 5 7
755 6 9
755 7 8
755 8 6
755 9 9
755 10 8
756 1 7
756 2 8
756 3 8
756 4 9
756 5 9
756 6 7
756 7 6
756 8 8
756 9 9
756 10 9
757 1 7
757 2 7
757 3 7
757 4 8
757 5 7
757 6 9
757 7 9
757 8 9
757 9 6
757 10 7
758 1 8
758 2 8
758 3 7
758 4 7
758 5 8
758 6 6
758 7 8
758 8 8
758 9 8
758 10 9
759 1 9
759 2 8
759 3 7
759 4 8
759 5 9
759 6 7
759 7 9
759 8 7
759 9 8
759 10 9
760 1 7
760 2 6
760 3 8
760 4 7
760 5 8
760 6 8
760 7 8
760 8 9
760 9 9
760 10 7
761 1 6
761 2 7
761 3 8
761 4 7
761 5 8
761 6 7
761 7 7
761 8 7
761 9 9
761 10 8
762 1 6
762 2 8
762 3 7
762 4 9
762 5 6
762 6 9
762 7 8
762 8 8
762 9 7
762 10 7
763 1 9
763 2 9
763 3 8
763 4 9
763 5 8
763 6 8
763 7 6
763 8 7
763 9 8
763 10 7
764 1 8
764 2 8
764 3 6
764 4 9
764 5 9
764 6 9
764 7 7
764 8 6
764 9 8
764 10 9
765 1 9
765 2 9
765 3 6
765 4 8
765 5 9
765 6 9
765 7 8
765 8 8
765 9 9
765 10 9
766 1 8
766 2 7
766 3 7
766 4 7
766 5 7
766 6 8
766 7 8
766 8 8
766 9 7
766 10 8
767 1 9
767 2 7
767 3 6
767 4 6
767 5 7
767 6 7
767 7 7
767 8 8
767 9 9
767 10 8
768 1 9
768 2 7
768 3 7
768 4 9
768 5 9
768 6 7
768 7 8
768 8 7
768 9 7
768 10 9
769 1 7
769 2 6
769 3 9
769 4 9
769 5 8
769 6 6
769 7 8
769 8 6
769 9 7
769 10 8
770 1 9
770 2 9
770 3 8
770 4 9
770 5 9
770 6 8
770 7 7
770 8 6
770 9 6
770 10 8
771 1 8
771 2 7
771 3 9
771 4 9
771 5 9
771 6 7
771 7 8
771 8 9
771 9 6
771 10 9
772 1 6
772 2 6
772 3 7
772 4 9
772 5 7
772 6 7
772 7 9
772 8 6
772 9 7
772 10 8
773 1 6
773 2 8
773 3 8
773 4 8
773 5 8
773 6 9
773 7 7
773 8 7
773 9 8
773 10 9
774 1 7
774 2 8
774 3 9
774 4 7
774 5 9
774 6 7
774 7 9
774 8 8
774 9 7
774 10 8
775 1 9
775 2 6
775 3 8
775 4 6
775 5 6
775 6 8
775 7 9
775 8 8
775 9 7
775 10 6
776 1 6
776 2 6
776 3 6
776 4 8
776 5 8
776 6 7
776 7 6
776 8 8
776 9 7
776 10 8
777 1 9
777 2 6
777 3 9
777 4 9
777 5 9
777 6 7
777 7 8
777 8 8
777 9 7
777 10 6
778 1 9
778 2 6
778 3 9
778 4 8
778 5 8
778 6 8
778 7 8
778 8 9
778 9 8
778 10 9
779 1 8
779 2 7
779 3 9
779 4 7
779 5 8
779 6 7
779 7 7
779 8 6
779 9 7
779 10 7
780 1 6
780 2 9
780 3 7
780 4 9
780 5 7
780 6 9
780 7 6
780 8 6
780 9 6
780 10 6
781 1 9
781 2 7
781 3 7
781 4 9
781 5 7
781 6 7
781 7 9
781 8 7
781 9 7
781 10 9
782 1 8
782 2 8
782 3 6
782 4 9
782 5 8
782 6 8
782 7 7
782 8 8
782 9 6
782 10 6
783 1 8
783 2 6
783 3 9
783 4 6
783 5 6
783 6 8
783 7 8
783 8 8
783 9 6
783 10 7
784 1 8
784 2 9
784 3 8
784 4 8
784 5 8
784 6 8
784 7 6
784 8 8
784 9 6
784 10 7
785 1 6
785 2 8
785 3 9
785 4 7
785 5 8
785 6 9
785 7 9
785 8 8
785 9 9
785 10 8
786 1 7
786 2 6
786 3 6
786 4 7
786 5 7
786 6 9
786 7 9
786 8 8
786 9 8
786 10 7
787 1 8
787 2 9
787 3 9
787 4 7
787 5 7
787 6 8
787 7 9
787 8 7
787 9 9
787 10 8
788 1 9
788 2 8
788 3 9
788 4 7
788 5 7
788 6 8
788 7 8
788 8 8
788 9 6
788 10 7
789 1 9
789 2 7
789 3 7
789 4 6
789 5 8
789 6 8
789 7 9
789 8 9
789 9 6
789 10 8
790 1 8
790 2 6
790 3 8
790 4 9
790 5 8
790 6 8
790 7 8
790 8 7
790 9 8
790 10 9
791 1 9
791 2 7
791 3 7
791 4 9
791 5 6
791 6 8
791 7 6
791 8 8
791 9 7
791 10 9
792 1 7
792 2 9
792 3 8
792 4 9
792 5 8
792 6 8
792 7 7
792 8 7
792 9 8
792 10 6
793 1 6
793 2 7
793 3 9
793 4 7
793 5 8
793 6 8
793 7 8
793 8 9
793 9 8
793 10 8
794 1 6
794 2 6
794 3 9
794 4 9
794 5 9
794 6 6
794 7 9
794 8 8
794 9 7
794 10 7
795 1 8
795 2 7
795 3 6
795 4 6
795 5 9
795 6 8
795 7 6
795 8 8
795 9 8
795 10 6
796 1 9
796 2 7
796 3 9
796 4 8
796 5 7
796 6 9
796 7 8
796 8 7
796 9 7
796 10 7
797 1 7
797 2 7
797 3 6
797 4 7
797 5 6
797 6 8
797 7 7
797 8 8
797 9 9
797 10 9
798 1 9
798 2 6
798 3 7
798 4 9
798 5 9
798 6 6
798 7 7
798 8 6
798 9 8
798 10 6
799 1 9
799 2 9
799 3 9
799 4 8
799 5 7
799 6 7
799 7 9
799 8 6
799 9 6
799 10 8
800 1 6
800 2 9
800 3 8
800 4 8
800 5 8
800 6 7
800 7 6
800 8 6
800 9 9
800 10 8
801 1 8
801 2 7
801 3 8
801 4 9
801 5 6
801 6 7
801 7 6
801 8 7
801 9 6
801 10 6
802 1 8
802 2 8
802 3 8
802 4 9
802 5 8
802 6 9
802 7 6
802 8 8
802 9 8
802 10 7
803 1 8
803 2 8
803 3 9
803 4 8
803 5 7
803 6 6
803 7 9
803 8 6
803 9 9
803 10 9
804 1 8
804 2 6
804 3 8
804 4 7
804 5 6
804 6 6
804 7 7
804 8 7
804 9 8
804 10 7
805 1 7
805 2 9
805 3 7
805 4 8
805 5 6
805 6 9
805 7 9
805 8 7
805 9 7
805 10 6
806 1 9
806 2 8
806 3 7
806 4 7
806 5 8
806 6 7
806 7 6
806 8 8
806 9 6
806 10 7
807 1 9
807 2 8
807 3 9
807 4 9
807 5 6
807 6 8
807 7 9
807 8 7
807 9 6
807 10 6
808 1 6
808 2 8
808 3 8
808 4 9
808 5 8
808 6 6
808 7 7
808 8 9
808 9 8
808 10 9
809 1 7
809 2 8
809 3 8
809 4 8
809 5 7
809 6 8
809 7 9
809 8 8
809 9 7
809 10 8
810 1 8
810 2 9
810 3 9
810 4 8
810 5 8
810 6 8
810 7 7
810 8 7
810 9 8
810 10 6
811 1 9
811 2 6
811 3 6
811 4 7
811 5 7
811 6 6
811 7 9
811 8 6
811 9 7
811 10 9
812 1 8
812 2 7
812 3 9
812 4 9
812 5 9
812 6 8
812 7 7
812 8 9
812 9 9
812 10 8
813 1 9
813 2 6
813 3 7
813 4 9
813 5 9
813 6 7
813 7 6
813 8 7
813 9 9
813 10 7
814 1 8
814 2 8
814 3 8
814 4 6
814 5 6
814 6 9
814 7 7
814 8 9
814 9 8
814 10 8
815 1 8
815 2 8
815 3 8
815 4 9
815 5 7
815 6 6
815 7 6
815 8 7
815 9 7
815 10 8
816 1 8
816 2 8
816 3 6
816 4 9
816 5 8
816 6 7
816 7 8
816 8 7
816 9 6
816 10 8
817 1 7
817 2 8
817 3 8
817 4 8
817 5 7
817 6 9
817 7 8
817 8 9
817 9 6
817 10 8
818 1 9
818 2 9
818 3 8
818 4 9
818 5 7
818 6 9
818 7 8
818 8 8
818 9 8
818 10 7
819 1 8
819 2 7
819 3 8
819 4 6
819 5 9
819 6 6
819 7 8
819 8 6
819 9 6
819 10 8
820 1 6
820 2 8
820 3 9
820 4 7
820 5 8
820 6 8
820 7 6
820 8 9
820 9 7
820 10 7
821 1 8
821 2 9
821 3 6
821 4 6
821 5 7
821 6 7
821 7 7
821 8 7
821 9 9
821 10 6
822 1 7
822 2 8
822 3 8
822 4 6
822 5 7
822 6 6
822 7 9
822 8 6
822 9 6
822 10 7
823 1 8
823 2 9
823 3 9
823 4 6
823 5 7
823 6 6
823 7 8
823 8 6
823 9 6
823 10 8
824 1 8
824 2 9
824 3 8
824 4 6
824 5 9
824 6 6
824 7 8
824 8 7
824 9 6
824 10 7
825 1 8
825 2 8
825 3 6
825 4 9
825 5 8
825 6 9
825 7 9
825 8 6
825 9 9
825 10 9
826 1 8
826 2 9
826 3 8
826 4 8
826 5 7
826 6 7
826 7 9
826 8 7
826 9 8
826 10 8
827 1 6
827 2 7
827 3 8
827 4 8
827 5 9
827 6 9
827 7 9
827 8 9
827 9 9
827 10 8
828 1 8
828 2 9
828 3 6
828 4 9
828 5 8
828 6 9
828 7 8
828 8 9
828 9 9
828 10 9
829 1 8
829 2 8
829 3 6
829 4 9
829 5 8
829 6 8
829 7 8
829 8 6
829 9 6
829 10 7
830 1 9
830 2 7
830 3 9
830 4 7
830 5 6
830 6 6
830 7 7
830 8 9
830 9 7
830 10 9
831 1 8
831 2 7
831 3 8
831 4 7
831 5 6
831 6 8
831 7 7
831 8 7
831 9 7
831 10 6
832 1 6
832 2 7
832 3 8
832 4 7
832 5 8
832 6 8
832 7 9
832 8 7
832 9 8
832 10 8
833 1 6
833 2 8
833 3 9
833 4 7
833 5 9
833 6 8
833 7 7
833 8 8
833 9 8
833 10 9
834 1 6
834 2 9
834 3 8
834 4 9
834 5 8
834 6 6
834 7 9
834 8 6
834 9 8
834 10 8
835 1 9
835 2 6
835 3 6
835 4 6
835 5 6
835 6 8
835 7 9
835 8 9
835 9 7
835 10 7
836 1 9
836 2 8
836 3 8
836 4 8
836 5 7
836 6 8
836 7 7
836 8 8
836 9 9
836 10 8
837 1 8
837 2 7
837 3 6
837 4 8
837 5 8
837 6 8
837 7 8
837 8 7
837 9 8
837 10 8
838 1 6
838 2 7
838 3 9
838 4 8
838 5 9
838 6 6
838 7 9
838 8 9
838 9 9
838 10 6
839 1 9
839 2 9
839 3 7
839 4 9
839 5 8
839 6 6
839 7 8
839 8 8
839 9 9
839 10 6
840 1 8
840 2 7
840 3 6
840 4 8
840 5 9
840 6 8
840 7 9
840 8 7
840 9 6
840 10 6
841 1 8
841 2 6
841 3 7
841 4 7
841 5 9
841 6 7
841 7 8
841 8 9
841 9 8
841 10 7
842 1 6
842 2 7
842 3 8
842 4 6
842 5 7
842 6 7
842 7 9
842 8 8
842 9 7
842 10 7
843 1 7
843 2 7
843 3 7
843 4 8
843 5 8
843 6 8
843 7 8
843 8 8
843 9 7
843 10 7
844 1 7
844 2 8
844 3 7
844 4 8
844 5 9
844 6 6
844 7 6
844 8 7
844 9 9
844 10 8
845 1 7
845 2 8
845 3 6
845 4 6
845 5 7
845 6 6
845 7 8
845 8 9
845 9 9
845 10 7
846 1 7
846 2 9
846 3 7
846 4 9
846 5 7
846 6 6
846 7 8
846 8 8
846 9 7
846 10 6
847 1 7
847 2 7
847 3 6
847 4 9
847 5 9
847 6 9
847 7 7
847 8 9
847 9 8
847 10 8
848 1 9
848 2 8
848 3 9
848 4 8
848 5 8
848 6 8
848 7 8
848 8 7
848 9 7
848 10 6
849 1 6
849 2 7
849 3 9
849 4 8
849 5 7
849 6 8
849 7 8
849 8 8
849 9 8
849 10 7
850 1 6
850 2 8
850 3 9
850 4 9
850 5 6
850 6 9
850 7 6
850 8 8
850 9 8
850 10 8
851 1 8
851 2 8
851 3 9
851 4 8
851 5 8
851 6 9
851 7 9
851 8 6
851 9 7
851 10 8
852 1 6
852 2 7
852 3 7
852 4 7
852 5 7
852 6 6
852 7 9
852 8 9
852 9 8
852 10 9
853 1 7
853 2 6
853 3 8
853 4 8
853 5 8
853 6 9
853 7 7
853 8 9
853 9 6
853 10 6
854 1 7
854 2 8
854 3 7
854 4 9
854 5 7
854 6 6
854 7 8
854 8 9
854 9 6
854 10 9
855 1 6
855 2 9
855 3 7
855 4 9
855 5 6
855 6 6
855 7 9
855 8 6
855 9 6
855 10 9
856 1 8
856 2 8
856 3 6
856 4 7
856 5 8
856 6 9
856 7 8
856 8 9
856 9 8
856 10 6
857 1 8
857 2 9
857 3 9
857 4 8
857 5 6
857 6 8
857 7 7
857 8 7
857 9 8
857 10 8
858 1 6
858 2 9
858 3 8
858 4 9
858 5 9
858 6 7
858 7 6
858 8 9
858 9 8
858 10 7
859 1 9
859 2 8
859 3 8
859 4 9
859 5 7
859 6 8
859 7 9
859 8 9
859 9 7
859 10 6
860 1 7
860 2 6
860 3 7
860 4 7
860 5 7
860 6 8
860 7 6
860 8 6
860 9 9
860 10 6
861 1 8
861 2 9
861 3 7
861 4 7
861 5 8
861 6 9
861 7 7
861 8 8
861 9 7
861 10 7
862 1 7
862 2 6
862 3 8
862 4 9
862 5 8
862 6 9
862 7 8
862 8 8
862 9 6
862 10 9
863 1 7
863 2 8
863 3 9
863 4 7
863 5 6
863 6 8
863 7 8
863 8 7
863 9 6
863 10 7
864 1 9
864 2 7
864 3 7
864 4 7
864 5 6
864 6 8
864 7 9
864 8 8
864 9 8
864 10 9
865 1 8
865 2 8
865 3 7
865 4 9
865 5 6
865 6 8
865 7 9
865 8 9
865 9 9
865 10 8
866 1 7
866 2 6
866 3 9
866 4 8
866 5 7
866 6 6
866 7 8
866 8 9
866 9 9
866 10 7
867 1 8
867 2 9
867 3 7
867 4 7
867 5 9
867 6 7
867 7 8
867 8 9
867 9 9
867 10 6
868 1 6
868 2 8
868 3 9
868 4 7
868 5 9
868 6 8
868 7 9
868 8 9
868 9 6
868 10 8
869 1 8
869 2 8
869 3 9
869 4 8
869 5 8
869 6 6
869 7 8
869 8 7
869 9 7
869 10 6
870 1 8
870 2 6
870 3 7
870 4 8
870 5 9
870 6 7
870 7 7
870 8 7
870 9 8
870 10 6
871 1 9
871 2 9
871 3 9
871 4 7
871 5 6
871 6 6
871 7 7
871 8 9
871 9 6
871 10 7
872 1 7
872 2 6
872 3 7
872 4 6
872 5 6
872 6 9
872 7 9
872 8 8
872 9 9
872 10 6
873 1 6
873 2 7
873 3 6
873 4 8
873 5 9
873 6 9
873 7 9
873 8 6
873 9 6
873 10 8
874 1 6
874 2 8
874 3 9
874 4 6
874 5 7
874 6 7
874 7 9
874 8 9
874 9 8
874 10 6
875 1 7
875 2 8
875 3 7
875 4 9
875 5 9
875 6 7
875 7 9
875 8 8
875 9 9
875 10 8
876 1 8
876 2 6
876 3 7
876 4 9
876 5 8
876 6 9
876 7 7
876 8 7
876 9 6
876 10 6
877 1 7
877 2 7
877 3 7
877 4 6
877 5 9
877 6 7
877 7 8
877 8 7
877 9 7
877 10 8
878 1 7
878 2 9
878 3 8
878 4 9
878 5 8
878 6 8
878 7 6
878 8 9
878 9 7
878 10 6
879 1 8
879 2 9
879 3 8
879 4 7
879 5 9
879 6 8
879 7 7
879 8 7
879 9 9
879 10 9
880 1 9
880 2 6
880 3 9
880 4 6
880 5 8
880 6 7
880 7 8
880 8 8
880 9 8
880 10 8
881 1 9
881 2 8
881 3 9
881 4 8
881 5 9
881 6 6
881 7 6
881 8 9
881 9 8
881 10 9
882 1 7
882 2 7
882 3 9
882 4 9
882 5 8
882 6 8
882 7 8
882 8 6
882 9 8
882 10 9
883 1 9
883 2 9
883 3 7
883 4 9
883 5 9
883 6 6
883 7 9
883 8 9
883 9 7
883 10 7
884 1 8
884 2 8
884 3 7
884 4 6
884 5 9
884 6 9
884 7 7
884 8 9
884 9 9
884 10 8
885 1 7
885 2 8
885 3 9
885 4 8
885 5 7
885 6 6
885 7 7
885 8 9
885 9 8
885 10 7
886 1 7
886 2 9
886 3 8
886 4 7
886 5 8
886 6 8
886 7 7
886 8 8
886 9 8
886 10 7
887 1 6
887 2 7
887 3 6
887 4 9
887 5 7
887 6 7
887 7 7
887 8 7
887 9 8
887 10 6
888 1 6
888 2 8
888 3 6
888 4 9
888 5 9
888 6 9
888 7 9
888 8 6
888 9 7
888 10 7
889 1 8
889 2 8
889 3 6
889 4 9
889 5 8
889 6 9
889 7 7
889 8 7
889 9 6
889 10 9
890 1 8
890 2 7
890 3 9
890 4 6
890 5 8
890 6 7
890 7 7
890 8 8
890 9 8
890 10 7
891 1 8
891 2 6
891 3 8
891 4 9
891 5 9
891 6 6
891 7 7
891 8 7
891 9 6
891 10 9
892 1 7
892 2 9
892 3 9
892 4 9
892 5 6
892 6 8
892 7 9
892 8 6
892 9 6
892 10 7
893 1 9
893 2 6
893 3 6
893 4 8
893 5 8
893 6 7
893 7 7
893 8 8
893 9 7
893 10 9
894 1 8
894 2 7
894 3 6
894 4 9
894 5 6
894 6 8
894 7 6
894 8 7
894 9 9
894 10 9
895 1 6
895 2 8
895 3 9
895 4 9
895 5 8
895 6 9
895 7 6
895 8 8
895 9 8
895 10 7
896 1 9
896 2 9
896 3 7
896 4 7
896 5 8
896 6 8
896 7 6
896 8 8
896 9 7
896 10 7
897 1 6
897 2 8
897 3 9
897 4 9
897 5 6
897 6 6
897 7 9
897 8 7
897 9 8
897 10 7
898 1 9
898 2 6
898 3 7
898 4 9
898 5 8
898 6 6
898 7 7
898 8 7
898 9 8
898 10 8
899 1 7
899 2 7
899 3 7
899 4 9
899 5 6
899 6 7
899 7 9
899 8 8
899 9 8
899 10 7
900 1 7
900 2 8
900 3 9
900 4 7
900 5 6
900 6 7
900 7 8
900 8 8
900 9 7
900 10 7
901 1 7
901 2 6
901 3 9
901 4 9
901 5 8
901 6 7
901 7 9
901 8 8
901 9 7
901 10 9
902 1 8
902 2 6
902 3 9
902 4 7
902 5 7
902 6 8
902 7 8
902 8 8
902 9 7
902 10 8
903 1 8
903 2 8
903 3 9
903 4 7
903 5 6
903 6 9
903 7 8
903 8 7
903 9 6
903 10 9
904 1 8
904 2 6
904 3 9
904 4 8
904 5 6
904 6 8
904 7 7
904 8 6
904 9 8
904 10 6
905 1 7
905 2 8
905 3 8
905 4 7
905 5 7
905 6 9
905 7 7
905 8 9
905 9 6
905 10 7
906 1 9
906 2 8
906 3 9
906 4 8
906 5 7
906 6 9
906 7 8
906 8 9
906 9 7
906 10 6
907 1 7
907 2 7
907 3 8
907 4 8
907 5 7
907 6 9
907 7 8
907 8 6
907 9 9
907 10 8
908 1 8
908 2 8
908 3 6
908 4 8
908 5 7
908 6 7
908 7 7
908 8 7
908 9 8
908 10 8
909 1 9
909 2 7
909 3 6
909 4 8
909 5 8
909 6 6
909 7 8
909 8 7
909 9 9
909 10 8
910 1 9
910 2 8
910 3 8
910 4 9
910 5 9
910 6 8
910 7 9
910 8 8
910 9 9
910 10 8
911 1 7
911 2 9
911 3 8
911 4 6
911 5 8
911 6 7
911 7 8
911 8 8
911 9 8
911 10 7
912 1 6
912 2 9
912 3 7
912 4 7
912 5 7
912 6 8
912 7 7
912 8 6
912 9 7
912 10 9
913 1 9
913 2 9
913 3 8
913 4 9
913 5 6
913 6 9
913 7 9
913 8 7
913 9 6
913 10 7
914 1 7
914 2 9
914 3 9
914 4 9
914 5 8
914 6 9
914 7 7
914 8 9
914 9 9
914 10 6
915 1 8
915 2 7
915 3 9
915 4 9
915 5 8
915 6 7
915 7 6
915 8 7
915 9 8
915 10 6
916 1 9
916 2 7
916 3 6
916 4 7
916 5 9
916 6 8
916 7 8
916 8 8
916 9 8
916 10 9
917 1 8
917 2 7
917 3 8
917 4 8
917 5 9
917 6 9
917 7 6
917 8 9
917 9 9
917 10 7
918 1 8
918 2 8
918 3 7
918 4 8
918 5 9
918 6 7
918 7 7
918 8 7
918 9 7
918 10 9
919 1 8
919 2 9
919 3 8
919 4 8
919 5 7
919 6 6
919 7 6
919 8 9
919 9 8
919 10 8
920 1 9
920 2 8
920 3 7
920 4 6
920 5 7
920 6 9
920 7 7
920 8 8
920 9 8
920 10 7
921 1 7
921 2 7
921 3 7
921 4 7
921 5 9
921 6 9
921 7 7
921 8 9
921 9 9
921 10 7
922 1 7
922 2 7
922 3 6
922 4 9
922 5 9
922 6 9
922 7 7
922 8 8
922 9 8
922 10 7
923 1 7
923 2 6
923 3 7
923 4 9
923 5 7
923 6 8
923 7 8
923 8 8
923 9 7
923 10 7
924 1 7
924 2 8
924 3 9
924 4 9
924 5 8
924 6 8
924 7 6
924 8 7
924 9 7
924 10 9
925 1 7
925 2 9
925 3 7
925 4 7
925 5 8
925 6 9
925 7 6
925 8 9
925 9 7
925 10 8
926 1 7
926 2 7
926 3 7
926 4 7
926 5 8
926 6 9
926 7 8
926 8 7
926 9 8
926 10 8
927 1 8
927 2 6
927 3 9
927 4 7
927 5 9
927 6 9
927 7 9
927 8 7
927 9 7
927 10 9
928 1 9
928 2 7
928 3 9
928 4 8
928 5 7
928 6 7
928 7 8
928 8 9
928 9 8
928 10 6
929 1 9
929 2 7
929 3 6
929 4 9
929 5 6
929 6 9
929 7 7
929 8 6
929 9 6
929 10 9
930 1 9
930 2 8
930 3 8
930 4 8
930 5 6
930 6 8
930 7 9
930 8 6
930 9 7
930 10 8
931 1 8
931 2 9
931 3 9
931 4 7
931 5 9
931 6 7
931 7 6
931 8 7
931 9 8
931 10 7
932 1 9
932 2 7
932 3 7
932 4 7
932 5 8
932 6 7
932 7 8
932 8 9
932 9 9
932 10 7
933 1 9
933 2 8
933 3 7
933 4 9
933 5 7
933 6 9
933 7 9
933 8 8
933 9 6
933 10 7
934 1 8
934 2 6
934 3 8
934 4 7
934 5 8
934 6 9
934 7 8
934 8 6
934 9 6
934 10 9
935 1 9
935 2 9
935 3 7
935 4 8
935 5 7
935 6 6
935 7 9
935 8 7
935 9 9
935 10 7
936 1 7
936 2 7
936 3 6
936 4 6
936 5 7
936 6 8
936 7 7
936 8 7
936 9 8
936 10 8
937 1 7
937 2 8
937 3 9
937 4 6
937 5 7
937 6 7
937 7 9
937 8 8
937 9 9
937 10 8
938 1 8
938 2 8
938 3 9
938 4 9
938 5 9
938 6 8
938 7 7
938 8 8
938 9 7
938 10 8
939 1 7
939 2 6
939 3 9
939 4 9
939 5 8
939 6 9
939 7 9
939 8 9
939 9 7
939 10 6
940 1 8
940 2 7
940 3 7
940 4 7
940 5 9
940 6 6
940 7 9
940 8 7
940 9 8
940 10 7
941 1 9
941 2 6
941 3 9
941 4 7
941 5 8
941 6 7
941 7 9
941 8 9
941 9 6
941 10 9
942 1 7
942 2 8
942 3 9
942 4 7
942 5 9
942 6 8
942 7 9
942 8 8
942 9 7
942 10 9
943 1 8
943 2 6
943 3 8
943 4 7
943 5 6
943 6 9
943 7 9
943 8 7
943 9 8
943 10 6
944 1 8
944 2 8
944 3 9
944 4 6
944 5 8
944 6 7
944 7 6
944 8 7
944 9 7
944 10 6
945 1 6
945 2 9
945 3 7
945 4 6
945 5 7
945 6 6
945 7 8
945 8 7
945 9 6
945 10 8
946 1 8
946 2 7
946 3 8
946 4 8
946 5 6
946 6 8
946 7 6
946 8 6
946 9 7
946 10 8
947 1 8
947 2 6
947 3 6
947 4 7
947 5 7
947 6 6
947 7 7
947 8 7
947 9 6
947 10 8
948 1 8
948 2 9
948 3 9
948 4 7
948 5 6
948 6 8
948 7 8
948 8 7
948 9 9
948 10 9
949 1 6
949 2 8
949 3 7
949 4 8
949 5 7
949 6 7
949 7 9
949 8 8
949 9 8
949 10 6
950 1 8
950 2 9
950 3 8
950 4 8
950 5 9
950 6 9
950 7 7
950 8 7
950 9 8
950 10 9
951 1 6
951 2 7
951 3 9
951 4 9
951 5 6
951 6 8
951 7 7
951 8 8
951 9 9
951 10 9
952 1 9
952 2 9
952 3 7
952 4 8
952 5 7
952 6 7
952 7 8
952 8 9
952 9 8
952 10 7
953 1 8
953 2 6
953 3 6
953 4 8
953 5 6
953 6 6
953 7 8
953 8 8
953 9 8
953 10 7
954 1 7
954 2 9
954 3 9
954 4 9
954 5 7
954 6 8
954 7 6
954 8 6
954 9 6
954 10 9
955 1 7
955 2 8
955 3 7
955 4 9
955 5 9
955 6 7
955 7 9
955 8 7
955 9 7
955 10 9
956 1 8
956 2 8
956 3 9
956 4 9
956 5 8
956 6 7
956 7 8
956 8 7
956 9 7
956 10 6
957 1 9
957 2 8
957 3 9
957 4 6
957 5 6
957 6 7
957 7 8
957 8 6
957 9 7
957 10 8
958 1 7
958 2 8
958 3 6
958 4 9
958 5 9
958 6 8
958 7 7
958 8 6
958 9 9
958 10 6
959 1 9
959 2 6
959 3 8
959 4 7
959 5 9
959 6 7
959 7 6
959 8 9
959 9 8
959 10 7
960 1 9
960 2 8
960 3 7
960 4 9
960 5 9
960 6 6
960 7 9
960 8 8
960 9 9
960 10 9
961 1 6
961 2 9
961 3 9
961 4 7
961 5 6
961 6 8
961 7 7
961 8 7
961 9 6
961 10 9
962 1 9
962 2 9
962 3 7
962 4 9
962 5 8
962 6 9
962 7 8
962 8 9
962 9 9
962 10 6
963 1 8
963 2 7
963 3 9
963 4 7
963 5 8
963 6 6
963 7 9
963 8 8
963 9 8
963 10 9
964 1 8
964 2 7
964 3 8
964 4 9
964 5 7
964 6 9
964 7 6
964 8 6
964 9 9
964 10 9
965 1 7
965 2 6
965 3 8
965 4 9
965 5 7
965 6 9
965 7 8
965 8 7
965 9 9
965 10 8
966 1 8
966 2 8
966 3 7
966 4 9
966 5 8
966 6 8
966 7 8
966 8 7
966 9 8
966 10 8
967 1 8
967 2 7
967 3 8
967 4 9
967 5 8
967 6 8
967 7 7
967 8 9
967 9 7
967 10 8
968 1 6
968 2 6
968 3 8
968 4 8
968 5 6
968 6 7
968 7 9
968 8 8
968 9 8
968 10 7
969 1 6
969 2 8
969 3 7
969 4 8
969 5 8
969 6 8
969 7 7
969 8 8
969 9 9
969 10 7
970 1 6
970 2 9
970 3 9
970 4 6
970 5 6
970 6 6
970 7 9
970 8 8
970 9 7
970 10 9
971 1 8
971 2 9
971 3 7
971 4 8
971 5 7
971 6 7
971 7 7
971 8 9
971 9 6
971 10 8
972 1 8
972 2 8
972 3 7
972 4 8
972 5 9
972 6 8
972 7 6
972 8 9
972 9 7
972 10 7
973 1 6
973 2 8
973 3 6
973 4 8
973 5 6
973 6 8
973 7 7
973 8 6
973 9 8
973 10 8
974 1 7
974 2 7
974 3 9
974 4 9
974 5 9
974 6 7
974 7 7
974 8 9
974 9 8
974 10 6
975 1 8
975 2 6
975 3 9
975 4 9
975 5 9
975 6 7
975 7 8
975 8 8
975 9 7
975 10 9
976 1 8
976 2 8
976 3 9
976 4 7
976 5 9
976 6 8
976 7 9
976 8 7
976 9 8
976 10 7
977 1 8
977 2 6
977 3 7
977 4 8
977 5 6
977 6 7
977 7 9
977 8 9
977 9 9
977 10 6
978 1 7
978 2 6
978 3 9
978 4 8
978 5 9
978 6 9
978 7 8
978 8 6
978 9 7
978 10 6
979 1 6
979 2 8
979 3 7
979 4 6
979 5 7
979 6 8
979 7 7
979 8 6
979 9 8
979 10 9
980 1 7
980 2 7
980 3 8
980 4 8
980 5 9
980 6 9
980 7 6
980 8 9
980 9 6
980 10 9
981 1 8
981 2 6
981 3 8
981 4 8
981 5 7
981 6 9
981 7 8
981 8 6
981 9 7
981 10 7
982 1 9
982 2 7
982 3 8
982 4 8
982 5 7
982 6 9
982 7 9
982 8 7
982 9 9
982 10 9
983 1 9
983 2 7
983 3 7
983 4 9
983 5 9
983 6 9
983 7 8
983 8 7
983 9 8
983 10 8
984 1 7
984 2 7
984 3 6
984 4 8
984 5 7
984 6 8
984 7 7
984 8 7
984 9 6
984 10 7
985 1 6
985 2 6
985 3 7
985 4 6
985 5 6
985 6 7
985 7 7
985 8 7
985 9 9
985 10 9
986 1 8
986 2 7
986 3 9
986 4 8
986 5 7
986 6 9
986 7 8
986 8 8
986 9 7
986 10 8
987 1 7
987 2 8
987 3 9
987 4 9
987 5 9
987 6 9
987 7 9
987 8 6
987 9 7
987 10 8
988 1 7
988 2 7
988 3 8
988 4 7
988 5 8
988 6 7
988 7 8
988 8 9
988 9 7
988 10 8
989 1 6
989 2 7
989 3 6
989 4 8
989 5 9
989 6 9
989 7 7
989 8 9
989 9 8
989 10 8
990 1 9
990 2 8
990 3 6
990 4 7
990 5 6
990 6 6
990 7 7
990 8 9
990 9 9
990 10 8
991 1 8
991 2 9
991 3 6
991 4 7
991 5 7
991 6 7
991 7 8
991 8 8
991 9 7
991 10 8
992 1 8
992 2 9
992 3 8
992 4 6
992 5 7
992 6 7
992 7 9
992 8 9
992 9 6
992 10 9
993 1 7
993 2 6
993 3 9
993 4 9
993 5 7
993 6 6
993 7 9
993 8 8
993 9 7
993 10 9
994 1 9
994 2 8
994 3 9
994 4 8
994 5 7
994 6 6
994 7 6
994 8 8
994 9 6
994 10 8
995 1 6
995 2 6
995 3 9
995 4 8
995 5 7
995 6 6
995 7 9
995 8 6
995 9 9
995 10 9
996 1 9
996 2 7
996 3 9
996 4 8
996 5 9
996 6 8
996 7 8
996 8 9
996 9 7
996 10 6
997 1 9
997 2 9
997 3 8
997 4 8
997 5 9
997 6 6
997 7 9
997 8 8
997 9 7
997 10 9
998 1 7
998 2 7
998 3 7
998 4 9
998 5 9
998 6 6
998 7 6
998 8 7
998 9 8
998 10 9
999 1 8
999 2 9
999 3 6
999 4 7
999 5 7
999 6 6
999 7 9
999 8 8
999 9 7
999 10 6
1000 1 7
1000 2 6
1000 3 7
1000 4 9
1000 5 7
1000 6 6
1000 7 8
1000 8 9
1000 9 8
1000 10 7
