1000
1 20 79
2 9 76
3 18 54
4 17 83
5 10 50
6 10 55
7 8 70
8 20 80
9 13 78
10 10 68
11 17 71
12 19 84
13 7 69
14 12 80
15 18 62
16 20 52
17 10 77
18 12 54
19 11 81
20 13 71
21 6 59
22 9 52
23 13 66
24 19 90
25 11 67
26 16 69
27 6 71
28 7 78
29 20 89
30 10 76
31 8 61
32 20 74
33 18 71
34 18 73
35 15 77
36 17 58
37 17 75
38 14 61
39 8 54
40 15 79
41 17 66
42 10 61
43 7 51
44 19 54
45 20 88
46 9 79
47 13 66
48 6 82
49 14 54
50 15 81
51 11 65
52 15 53
53 15 75
54 15 52
55 10 85
56 6 67
57 10 56
58 7 63
59 6 74
60 19 76
61 11 73
62 12 51
63 11 69
64 18 71
65 11 68
66 18 64
67 8 77
68 11 75
69 16 66
70 13 68
71 20 65
72 6 89
73 8 80
74 19 65
75 12 83
76 8 59
77 18 59
78 20 80
79 7 90
80 17 72
81 16 81
82 13 74
83 10 58
84 19 72
85 17 68
86 11 51
87 18 54
88 12 57
89 7 56
90 16 55
91 13 79
92 14 69
93 7 77
94 16 79
95 7 72
96 10 68
97 17 71
98 13 88
99 13 76
100 12 58
101 19 76
102 10 68
103 15 56
104 11 84
105 13 66
106 12 75
107 9 76
108 19 72
109 13 70
110 8 83
111 6 61
112 13 57
113 15 77
114 7 64
115 11 78
116 8 86
117 10 50
118 7 80
119 7 78
120 11 78
121 6 68
122 19 56
123 6 76
124 12 51
125 11 78
126 20 68
127 19 59
128 17 86
129 7 80
130 14 58
131 17 75
132 9 65
133 16 58
134 13 69
135 16 79
136 12 60
137 10 76
138 12 55
139 19 88
140 6 79
141 7 50
142 13 73
143 12 82
144 17 72
145 15 57
146 19 80
147 10 84
148 10 73
149 13 66
150 14 79
151 18 55
152 11 63
153 7 87
154 18 70
155 18 56
156 6 82
157 17 78
158 13 78
159 19 79
160 8 51
161 14 81
162 15 53
163 15 54
164 6 63
165 8 68
166 18 55
167 17 86
168 15 81
169 17 54
170 17 61
171 13 85
172 12 58
173 18 62
174 8 53
175 14 52
176 19 80
177 20 50
178 6 65
179 14 84
180 17 87
181 16 87
182 10 75
183 10 54
184 18 88
185 20 87
186 11 88
187 17 82
188 13 52
189 12 87
190 6 83
191 19 80
192 10 84
193 20 86
194 11 61
195 14 87
196 15 78
197 12 73
198 14 84
199 11 74
200 6 70
201 18 62
202 11 59
203 10 72
204 12 70
205 10 81
206 7 62
207 13 54
208 16 54
209 12 66
210 11 88
211 10 58
212 14 58
213 16 63
214 6 50
215 9 84
216 10 73
217 7 58
218 16 56
219 8 80
220 20 58
221 6 67
222 11 74
223 10 88
224 14 66
225 17 56
226 14 90
227 20 67
228 9 58
229 18 83
230 18 87
231 14 50
232 16 65
233 10 84
234 14 67
235 8 76
236 7 61
237 9 87
238 7 80
239 14 84
240 17 68
241 8 84
242 9 58
243 20 72
244 14 78
245 14 57
246 14 61
247 8 72
248 10 84
249 16 77
250 10 84
251 13 54
252 12 52
253 17 78
254 20 73
255 11 61
256 6 68
257 16 70
258 13 56
259 11 65
260 7 63
261 9 84
262 11 86
263 19 89
264 20 87
265 11 59
266 6 82
267 8 65
268 9 57
269 20 60
270 16 90
271 9 72
272 20 62
273 18 82
274 6 77
275 7 73
276 17 84
277 17 74
278 17 50
279 11 79
280 19 73
281 6 90
282 19 61
283 17 82
284 8 59
285 18 78
286 17 71
287 11 61
288 19 50
289 15 69
290 9 51
291 6 54
292 7 87
293 9 72
294 19 61
295 12 80
296 11 85
297 8 77
298 12 88
299 10 63
300 9 75
301 16 74
302 9 56
303 8 58
304 20 79
305 12 74
306 7 54
307 15 50
308 6 84
309 13 89
310 13 60
311 16 88
312 6 69
313 12 88
314 14 65
315 11 54
316 8 63
317 8 61
318 8 76
319 18 75
320 9 89
321 14 54
322 18 64
323 7 50
324 18 54
325 19 56
326 15 56
327 15 88
328 6 71
329 15 89
330 9 66
331 7 50
332 13 51
333 7 73
334 11 57
335 13 61
336 9 81
337 8 53
338 19 75
339 6 67
340 11 86
341 10 50
342 12 51
343 8 75
344 6 61
345 19 79
346 10 70
347 18 85
348 19 73
349 20 89
350 19 64
351 7 86
352 11 60
353 13 74
354 13 57
355 6 80
356 6 81
357 7 65
358 16 71
359 19 59
360 17 59
361 11 68
362 7 87
363 8 53
364 9 70
365 10 70
366 9 77
367 18 81
368 17 54
369 19 77
370 8 79
371 19 59
372 15 52
373 9 82
374 11 63
375 20 88
376 20 72
377 13 79
378 20 84
379 7 89
380 18 71
381 19 73
382 18 70
383 15 79
384 20 60
385 15 68
386 20 87
387 17 64
388 18 52
389 12 56
390 11 69
391 12 51
392 19 58
393 19 61
394 6 67
395 17 58
396 17 68
397 9 80
398 8 88
399 10 59
400 20 66
401 11 56
402 13 89
403 14 64
404 6 90
405 7 72
406 17 65
407 19 57
408 19 68
409 13 78
410 14 76
411 15 80
412 11 82
413 7 90
414 17 70
415 16 62
416 14 61
417 11 57
418 16 58
419 9 83
420 19 85
421 20 60
422 6 90
423 16 59
424 14 65
425 6 68
426 6 66
427 8 55
428 10 78
429 10 57
430 8 61
431 8 66
432 19 56
433 17 63
434 9 50
435 13 53
436 7 64
437 11 53
438 11 55
439 13 89
440 11 82
441 14 79
442 7 69
443 17 51
444 20 59
445 14 86
446 10 73
447 15 61
448 8 90
449 13 62
450 18 72
451 14 70
452 11 57
453 14 76
454 17 89
455 9 62
456 16 54
457 9 59
458 18 70
459 14 63
460 19 57
461 9 58
462 20 87
463 20 87
464 6 54
465 6 65
466 13 50
467 19 57
468 14 67
469 11 69
470 20 66
471 18 77
472 14 60
473 18 62
474 13 51
475 20 85
476 20 53
477 8 90
478 14 76
479 10 74
480 16 78
481 11 68
482 18 51
483 18 59
484 16 89
485 8 63
486 6 76
487 16 81
488 9 87
489 15 50
490 6 69
491 18 56
492 20 67
493 13 57
494 12 88
495 19 53
496 6 63
497 13 84
498 14 90
499 10 81
500 16 53
501 13 66
502 10 52
503 11 78
504 9 71
505 15 63
506 6 53
507 11 83
508 17 84
509 13 56
510 14 68
511 15 89
512 13 75
513 13 56
514 11 86
515 16 67
516 20 78
517 17 66
518 15 70
519 15 60
520 7 54
521 16 71
522 19 53
523 7 59
524 15 51
525 10 67
526 16 50
527 17 89
528 8 85
529 15 87
530 12 84
531 13 84
532 6 53
533 9 52
534 12 84
535 7 56
536 7 71
537 16 85
538 19 57
539 9 87
540 18 87
541 6 68
542 11 74
543 9 90
544 15 59
545 14 75
546 8 57
547 10 69
548 15 82
549 8 87
550 6 86
551 7 78
552 20 82
553 16 80
554 19 73
555 20 84
556 12 56
557 6 67
558 19 85
559 18 90
560 13 84
561 20 71
562 9 63
563 7 60
564 7 64
565 12 67
566 16 87
567 12 79
568 19 73
569 7 89
570 11 83
571 16 66
572 18 76
573 11 80
574 18 68
575 18 73
576 17 66
577 18 71
578 19 57
579 7 51
580 15 79
581 12 74
582 12 71
583 16 70
584 19 85
585 17 71
586 9 76
587 8 88
588 12 87
589 13 72
590 12 82
591 7 57
592 18 55
593 20 78
594 16 64
595 16 77
596 8 66
597 12 84
598 10 54
599 8 89
600 17 59
601 17 52
602 12 59
603 20 74
604 13 79
605 10 50
606 16 69
607 20 53
608 17 64
609 20 88
610 8 85
611 19 85
612 8 76
613 19 68
614 18 63
615 20 56
616 7 76
617 18 75
618 19 52
619 15 59
620 12 76
621 6 54
622 19 83
623 16 83
624 9 64
625 9 61
626 13 90
627 11 89
628 14 56
629 7 78
630 6 58
631 14 65
632 17 55
633 14 80
634 8 65
635 17 71
636 18 83
637 15 78
638 8 72
639 12 78
640 10 60
641 10 64
642 10 78
643 10 59
644 19 55
645 12 76
646 12 58
647 6 61
648 19 61
649 16 85
650 14 78
651 9 71
652 19 56
653 13 88
654 18 80
655 13 55
656 10 69
657 20 59
658 20 70
659 13 50
660 7 83
661 19 52
662 10 70
663 12 86
664 17 77
665 12 81
666 13 79
667 10 59
668 17 72
669 18 84
670 16 81
671 10 90
672 11 74
673 19 55
674 15 70
675 18 51
676 13 76
677 6 62
678 15 78
679 16 79
680 11 66
681 16 56
682 18 64
683 7 51
684 18 79
685 9 68
686 8 83
687 13 67
688 6 64
689 19 79
690 7 65
691 12 72
692 19 56
693 17 51
694 6 86
695 20 65
696 10 78
697 20 64
698 20 64
699 14 71
700 19 75
701 11 90
702 8 69
703 18 84
704 11 62
705 6 67
706 13 61
707 14 73
708 12 75
709 16 81
710 9 67
711 15 68
712 7 72
713 6 84
714 12 52
715 10 60
716 6 60
717 14 64
718 15 65
719 17 72
720 7 70
721 14 75
722 18 52
723 6 69
724 20 78
725 8 84
726 18 67
727 8 78
728 13 65
729 10 60
730 9 70
731 10 61
732 8 64
733 16 66
734 20 83
735 14 80
736 13 62
737 6 84
738 18 53
739 11 77
740 6 79
741 15 69
742 18 78
743 9 70
744 6 70
745 19 68
746 19 86
747 13 84
748 13 69
749 8 79
750 15 67
751 9 84
752 17 63
753 8 69
754 8 69
755 6 51
756 16 72
757 18 53
758 10 57
759 11 67
760 14 52
761 9 63
762 11 70
763 8 57
764 9 58
765 16 62
766 20 57
767 14 57
768 12 77
769 8 86
770 14 73
771 9 58
772 12 65
773 12 77
774 19 83
775 9 78
776 11 68
777 11 82
778 9 76
779 18 86
780 12 90
781 11 73
782 9 74
783 8 56
784 17 88
785 20 52
786 20 52
787 9 81
788 13 60
789 10 62
790 17 75
791 15 54
792 6 60
793 6 82
794 14 52
795 6 73
796 8 73
797 14 81
798 20 90
799 15 85
800 11 78
801 7 75
802 14 65
803 10 89
804 17 73
805 15 76
806 19 55
807 19 71
808 16 63
809 12 70
810 12 56
811 13 87
812 17 84
813 6 63
814 19 65
815 11 74
816 12 82
817 6 81
818 9 56
819 19 52
820 18 70
821 18 79
822 18 82
823 13 55
824 15 77
825 8 62
826 20 73
827 16 58
828 15 65
829 12 66
830 16 56
831 10 67
832 13 90
833 14 88
834 15 74
835 20 78
836 11 62
837 11 87
838 12 69
839 18 87
840 7 90
841 7 84
842 18 73
843 6 65
844 14 87
845 10 54
846 13 63
847 18 80
848 15 56
849 8 79
850 7 76
851 18 88
852 13 77
853 13 72
854 16 83
855 15 53
856 11 79
857 13 60
858 10 74
859 7 85
860 20 65
861 7 86
862 19 65
863 9 69
864 17 55
865 13 53
866 19 77
867 8 51
868 20 51
869 7 58
870 16 55
871 9 63
872 7 78
873 20 73
874 9 57
875 17 56
876 19 70
877 11 82
878 8 61
879 10 52
880 9 50
881 7 63
882 16 69
883 7 76
884 20 57
885 16 58
886 8 56
887 13 72
888 9 61
889 12 80
890 15 50
891 20 90
892 15 51
893 7 62
894 19 70
895 7 58
896 18 51
897 13 74
898 17 87
899 15 63
900 19 65
901 16 80
902 10 57
903 9 62
904 10 89
905 19 61
906 14 66
907 7 59
908 9 84
909 20 75
910 14 66
911 6 67
912 15 70
913 12 74
914 15 64
915 13 58
916 10 72
917 12 65
918 10 50
919 8 89
920 6 67
921 10 83
922 14 73
923 19 67
924 12 87
925 18 60
926 18 68
927 18 73
928 20 62
929 14 76
930 13 66
931 15 80
932 11 69
933 20 75
934 11 80
935 16 64
936 14 52
937 10 74
938 16 84
939 7 59
940 18 58
941 7 85
942 16 89
943 15 84
944 14 68
945 15 70
946 6 67
947 7 87
948 6 54
949 12 85
950 19 76
951 16 87
952 20 62
953 14 87
954 20 55
955 18 52
956 7 67
957 15 54
958 16 59
959 19 62
960 19 64
961 12 69
962 6 90
963 9 73
964 6 84
965 15 68
966 20 89
967 10 54
968 7 55
969 14 63
970 13 76
971 8 87
972 9 71
973 8 60
974 17 60
975 14 62
976 16 89
977 11 65
978 18 83
979 20 70
980 19 86
981 12 52
982 20 77
983 18 80
984 19 85
985 18 79
986 6 64
987 10 86
988 17 83
989 7 75
990 10 77
991 16 77
992 20 69
993 15 52
994 8 84
995 15 53
996 10 52
997 7 62
998 19 55
999 12 84
1000 17 78
