1000
820
1160
820
980
610
670
990
800
890
750
740
840
880
750
600
920
670
760
710
1080
880
660
610
630
730
670
830
670
670
800
740
670
890
800
670
620
1150
710
600
970
870
900
690
740
850
959
686
852
651
1015
906
1214
732
1066
692
597
1080
880
990
654
790
754
948
822
543
841
735
675
804
1021
944
715
664
579
680
726
882
578
750
745
642
769
986
892
739
525
1229
625
678
876
954
953
764
666
950
1010
773
788
751
1103
874
1109
871
929
551
725
1041
747
839
696
689
784
824
696
541
973
728
819
769
1026
826
601
559
684
787
722
888
720
618
856
790
613
948
856
720
678
1092
659
546
913
812
954
631
794
799
1017
743
792
708
955
965
1161
674
1126
744
547
1133
933
933
600
849
811
1003
872
483
900
794
725
864
1075
884
769
717
528
740
667
829
636
808
795
587
711
1045
947
686
575
1280
684
735
823
898
895
823
716
900
1066
717
844
697
1155
876
1106
880
1039
558
726
1045
744
945
694
687
893
823
807
652
860
720
709
655
1029
830
719
551
681
676
614
777
613
616
857
800
617
831
744
619
568
1094
660
548
915
924
955
631
690
790
1019
634
792
711
955
966
1265
682
1116
743
656
1140
939
936
711
734
814
894
876
594
788
675
729
751
1073
997
767
606
519
620
671
934
634
695
689
585
715
931
947
686
475
1171
676
737
931
895
901
713
606
1009
1066
826
728
811
1053
815
1159
812
987
494
668
1096
695
893
636
638
834
765
645
489
1029
669
877
821
968
878
660
506
626
734
671
948
666
676
805
733
560
998
906
776
621
1151
714
494
857
864
1010
688
743
857
1073
693
852
765
904
908
1103
624
1070
797
492
1080
873
983
660
789
760
944
931
430
847
849
675
916
1019
938
823
663
468
682
725
879
577
752
852
534
656
987
997
746
522
1228
631
676
766
951
845
874
769
840
1117
776
899
647
1214
877
1210
875
921
560
729
1047
856
831
694
795
786
827
800
653
864
725
816
769
1021
934
607
559
684
676
613
890
615
722
856
799
726
838
853
724
570
1200
651
546
912
921
957
632
797
794
908
635
902
706
961
851
1163
790
1116
744
657
1024
939
1048
598
738
702
890
770
598
784
790
619
857
961
996
770
717
634
622
776
826
632
694
803
588
829
1042
841
681
465
1175
679
628
934
1010
1003
704
608
1003
960
713
738
700
1157
876
1211
767
1034
660
614
932
744
946
693
798
790
932
809
653
976
729
816
654
1030
830
710
665
579
677
730
777
615
610
745
791
722
835
744
725
560
1208
656
545
919
820
957
636
793
907
1013
629
902
706
1068
849
1267
784
1118
742
655
1133
939
930
599
844
807
999
771
600
893
679
732
746
969
1003
772
608
638
733
675
934
628
805
695
590
712
1038
834
799
577
1279
679
731
823
899
1011
712
614
894
1065
829
847
811
1043
925
1059
924
988
602
673
1095
692
787
747
632
726
764
645
601
914
673
877
718
1077
879
547
507
739
730
669
947
670
675
799
730
669
1002
906
667
730
1144
605
604
968
869
1012
571
736
745
966
796
850
760
1009
1020
1104
620
1067
692
487
1077
992
881
541
902
756
1062
928
542
845
738
665
919
1125
828
714
661
468
689
727
881
586
758
847
644
769
1102
1002
741
634
1225
742
792
878
844
835
764
771
951
1007
657
896
643
1101
818
1159
940
1093
608
668
993
803
1000
643
627
950
765
749
712
910
780
760
712
976
772
776
496
625
624
562
835
663
559
908
860
561
778
801
564
518
1034
609
602
855
867
896
580
749
849
962
576
738
655
1005
1022
1209
626
1065
685
606
1199
888
876
655
677
873
839
824
648
844
624
673
692
1133
946
818
553
578
560
727
884
584
645
743
535
769
987
997
743
420
1225
733
682
873
949
848
661
554
1059
1118
876
669
756
1106
866
1099
756
1039
437
615
1155
636
946
689
583
781
816
702
540
1086
723
931
871
1026
819
610
456
573
792
728
998
718
730
750
790
503
1051
847
833
675
1201
774
444
797
809
1060
631
795
807
1023
752
796
715
960
958
1049
571
1121
741
549
1030
819
1043
716
841
818
894
881
485
899
907
616
973
959
995
763
611
521
623
785
935
519
692
799
591
714
1041
938
686
467
1176
573
618
822
897
792
924
710
783
1059
720
841
703
1273
825
1156
927
979
615
782
987
805
773
634
742
731
878
854
704
918
667
868
824
971
879
663
504
738
622
563
838
667
781
907
740
673
898
912
666
629
1149
598
496
967
971
903
577
740
743
853
691
844
763
1013
901
1111
846
1171
796
598
967
992
1098
547
789
643
942
716
544
730
842
669
907
1019
1049
828
777
694
674
834
877
576
643
753
648
776
1096
790
740
409
1115
626
683
993
955
946
647
659
1061
903
765
679
752
1214
