200
820
1160
820
980
610
670
990
800
890
750
740
840
880
750
600
920
670
760
710
1080
880
660
610
630
730
670
830
670
670
800
740
670
890
800
670
620
1150
710
600
970
870
900
690
740
850
959
686
852
651
1015
906
1214
732
1066
692
597
1080
880
990
654
790
754
948
822
543
841
735
675
804
1021
944
715
664
579
680
726
882
578
750
745
642
769
986
892
739
525
1229
625
678
876
954
953
764
666
950
1010
773
788
751
1103
874
1109
871
929
551
725
1041
747
839
696
689
784
824
696
541
973
728
819
769
1026
826
601
559
684
787
722
888
720
618
856
790
613
948
856
720
678
1092
659
546
913
812
954
631
794
799
1017
743
792
708
955
965
1161
674
1126
744
547
1133
933
933
600
849
811
1003
872
483
900
794
725
864
1075
884
769
717
528
740
667
829
636
808
795
587
711
1045
947
686
575
1280
684
735
823
898
895
823
716
900
1066
717
844
697
1155
