500
820
1160
820
980
610
670
990
800
890
750
740
840
880
750
600
920
670
760
710
1080
880
660
610
630
730
670
830
670
670
800
740
670
890
800
670
620
1150
710
600
970
870
900
690
740
850
959
686
852
651
1015
906
1214
732
1066
692
597
1080
880
990
654
790
754
948
822
543
841
735
675
804
1021
944
715
664
579
680
726
882
578
750
745
642
769
986
892
739
525
1229
625
678
876
954
953
764
666
950
1010
773
788
751
1103
874
1109
871
929
551
725
1041
747
839
696
689
784
824
696
541
973
728
819
769
1026
826
601
559
684
787
722
888
720
618
856
790
613
948
856
720
678
1092
659
546
913
812
954
631
794
799
1017
743
792
708
955
965
1161
674
1126
744
547
1133
933
933
600
849
811
1003
872
483
900
794
725
864
1075
884
769
717
528
740
667
829
636
808
795
587
711
1045
947
686
575
1280
684
735
823
898
895
823
716
900
1066
717
844
697
1155
876
1106
880
1039
558
726
1045
744
945
694
687
893
823
807
652
860
720
709
655
1029
830
719
551
681
676
614
777
613
616
857
800
617
831
744
619
568
1094
660
548
915
924
955
631
690
790
1019
634
792
711
955
966
1265
682
1116
743
656
1140
939
936
711
734
814
894
876
594
788
675
729
751
1073
997
767
606
519
620
671
934
634
695
689
585
715
931
947
686
475
1171
676
737
931
895
901
713
606
1009
1066
826
728
811
1053
815
1159
812
987
494
668
1096
695
893
636
638
834
765
645
489
1029
669
877
821
968
878
660
506
626
734
671
948
666
676
805
733
560
998
906
776
621
1151
714
494
857
864
1010
688
743
857
1073
693
852
765
904
908
1103
624
1070
797
492
1080
873
983
660
789
760
944
931
430
847
849
675
916
1019
938
823
663
468
682
725
879
577
752
852
534
656
987
997
746
522
1228
631
676
766
951
845
874
769
840
1117
776
899
647
1214
877
1210
875
921
560
729
1047
856
831
694
795
786
827
800
653
864
725
816
769
1021
934
607
559
684
676
613
890
615
722
856
799
726
838
853
724
570
1200
651
546
912
921
957
632
797
794
908
635
902
706
961
851
1163
790
1116
744
657
1024
939
1048
598
738
702
890
770
598
784
790
619
857
961
996
770
717
634
622
776
826
632
694
803
588
829
1042
841
681
465
1175
679
628
934
1010
1003
704
608
1003
960
713
738
700
1157
