311
(A,261,259,440)
(B,7,12,1)
(C,82,44,39)
(D,3,0,0)
(E,116,120,19)
(F,82,24,12)
(G,13,16,1)
(H,54,76,29)
(I,32,33,2)
(J,2,0,0)
(K,23,951,0)
(L,16,47,59)
(M,6,3,4)
(N,27,5,1)
(O,14,57,19)
(P,32,24,32)
(Q,30,108,7)
(R,15,14,19)
(S,29,95,3)
(T,125,215,69)
(U,56,29,13)
(V,33,16,10)
(W,98,60,60)
(X,12,46,27)
(Y,14,37,10)
(Z,9,15,0)
(a,31,73,75)
(b,35,65,2)
(c,22,36,18)
(d,6,16,0)
(e,26,37,18)
(f,61,9,4)
(g,143,39,28)
(h,13,20,0)
(i,35,14,8)
(j,14,18,26)
(k,41,21,7)
(l,14,3,0)
(m,9,17,5)
(n,25,4,2)
(o,27,7,21)
(p,35,21,8)
(q,40,51,14)
(r,9,2,0)
(s,26,11,10)
(t,147,267,125)
(u,39,9,11)
(v,49,21,15)
(w,19,9,12)
(x,67,35,27)
(y,13,19,14)
(z,19,16,18)
(0,4,0,1)
(1,99,611,42)
(2,17,4,14)
(3,15,13,46)
(4,80,88,40)
(5,35,20,13)
(6,14,38,0)
(7,33,76,25)
(8,89,10,0)
(9,25,18,6)
(AA,75,73,55)
(AB,4,14,30)
(AC,21,27,3)
(AD,54,80,43)
(AE,74,45,21)
(AF,37,44,20)
(AG,30,6,0)
(AH,27,8,16)
(AI,6,6,0)
(AJ,16,12,12)
(AK,12,7,0)
(AL,12,29,4)
(AM,18,42,16)
(AN,40,21,1)
(AO,33,12,28)
(AP,84,75,50)
(AQ,88,180,66)
(AR,30,23,24)
(AS,75,212,133)
(AT,18,43,17)
(AU,22,24,14)
(AV,40,40,18)
(AW,25,68,28)
(AX,60,148,23)
(AY,15,12,15)
(AZ,25,51,4)
(Aa,40,72,40)
(Ab,3,0,0)
(Ac,12,10,6)
(Ad,13,17,16)
(Ae,37,20,17)
(Af,22,28,8)
(Ag,22,13,13)
(Ah,6,16,22)
(Ai,31,25,98)
(Aj,42,46,45)
(Ak,8,2,0)
(Al,10,42,5)
(c,25,40,21)
(Am,13,13,2)
(O,18,43,13)
(An,18,6,85)
(AI,4,8,0)
(1,92,507,36)
(Ao,22,40,13)
(E,56,70,10)
(J,2,0,0)
(3,15,14,44)
(AB,3,13,26)
(Ap,27,28,20)
(Aj,44,43,48)
(S,34,117,4)
(v,67,33,29)
(AC,10,20,0)
(Ah,6,20,17)
(a,15,48,43)
(o,24,1,21)
(Aq,26,15,18)
(g,342,90,62)
(Ad,11,15,16)
(Ar,6,9,0)
(B,6,11,1)
(6,15,41,0)
(AS,76,241,137)
(Z,9,14,0)
(A,195,210,295)
(w,21,12,15)
(7,43,79,35)
(AA,71,72,50)
(AQ,25,48,19)
(i,58,18,14)
(s,46,39,29)
(t,108,182,91)
(Ai,26,23,76)
(L,20,45,60)
(x,88,40,35)
(W,59,27,30)
(4,56,103,45)
(X,12,28,9)
(AN,20,18,4)
(0,2,0,0)
(AF,18,19,8)
(As,25,20,0)
(f,51,7,4)
(N,30,9,1)
(Ak,13,3,2)
(D,2,0,0)
(Aa,48,87,46)
(AR,29,19,19)
(U,66,24,17)
(K,26,1240,0)
(b,34,57,8)
(Af,58,99,33)
(V,61,27,21)
(AD,63,107,43)
(I,32,32,5)
(At,25,22,9)
(P,22,18,15)
(z,17,19,8)
(q,52,54,14)
(AO,35,14,20)
(Ac,14,12,5)
(AL,13,26,11)
(Al,9,39,5)
(AH,27,11,15)
(Au,28,26,17)
(Av,12,11,13)
(Y,13,48,8)
(T,246,433,146)
(M,8,1,4)
(AW,20,50,20)
(u,73,20,18)
(AM,25,47,19)
(AG,29,7,0)
(Ag,21,14,15)
(Aw,9,10,16)
(C,67,39,29)
(H,41,59,25)
(k,45,23,3)
(8,83,16,7)
(Ax,67,56,35)
(Ay,17,21,17)
(AX,57,145,23)
(Az,17,29,13)
(m,9,14,0)
(AE,67,47,21)
(AZ,25,41,8)
(A0,35,10,6)
(AV,33,29,19)
(F,80,20,11)
(d,6,10,0)
(AU,25,27,17)
(AT,13,28,15)
(r,5,2,0)
(Q,23,82,7)
(R,30,25,23)
(2,14,8,9)
(h,17,19,1)
(Ac,12,11,4)
(An,11,6,104)
(A1,17,10,13)
(U,74,26,12)
(I,19,27,0)
(t,51,88,47)
(AX,67,178,32)
(g,424,104,70)
(Z,9,13,0)
(R,17,11,20)
(Aj,46,46,45)
(8,89,16,8)
(Ah,8,20,11)
(A,234,263,415)
(A2,18,21,8)
(Aw,9,13,18)
(b,38,42,7)
(Ad,9,12,17)
(W,41,19,21)
(A3,17,25,4)
(O,17,37,11)
(AS,80,236,144)
(6,9,35,0)
(N,28,12,0)
(AT,8,19,13)
(AC,18,19,3)
(m,6,15,0)
(a,11,34,32)
(A4,19,21,6)
(Ag,23,13,12)
(D,1,0,0)
(0,6,3,1)
(f,45,6,5)
(AR,35,26,24)
(Ak,13,4,2)
(AA,54,62,54)
(Au,29,31,16)
(A5,30,24,28)
(A6,23,34,15)
(3,10,9,35)
(c,32,43,23)
(Aa,67,74,55)
(4,62,67,28)
(AU,14,19,12)
(h,17,10,1)
(v,115,47,39)
(A7,71,49,56)
(X,11,21,4)
(S,46,125,9)
(Y,10,41,6)
(7,37,79,36)
(Az,16,37,20)
(Af,43,73,21)
(M,12,3,8)
(Ar,5,4,1)
(A8,26,15,4)
(B,11,15,4)
(A9,19,24,2)
(z,21,26,3)
(E,41,63,9)
(AZ,20,33,4)
(AG,39,9,1)
(BA,29,14,71)
(AN,21,20,4)
(Ax,40,37,25)
(V,60,31,21)
(u,121,31,22)
(q,45,42,12)
(1,97,518,38)
(Ao,11,29,9)
(BB,36,15,12)
(AL,9,22,6)
(Ap,34,34,13)
(Q,27,83,8)
(T,122,212,81)
(F,87,17,12)
(BC,22,17,4)
(BD,267,391,182)
(At,49,38,15)
(BE,15,15,3)
(x,90,49,47)
(P,21,16,14)
(C,53,39,25)
(K,24,1482,4)
(Ai,21,19,52)
(Aq,22,20,11)
(L,14,40,56)
(BF,3,1,0)
(AM,30,56,18)
(n,28,7,7)
(s,25,22,17)
(AI,6,6,2)
(AB,4,13,28)
(AD,69,139,58)
(w,24,13,12)
(AE,74,42,19)
(Al,9,36,5)
(AH,27,10,9)
(AW,24,53,20)
(i,48,17,18)
(A9,14,29,9)
(D,1,0,0)
(BG,16,20,0)
(7,32,63,34)
(S,33,104,7)
(K,32,1497,0)
(4,47,56,17)
(E,40,61,9)
(u,85,16,14)
(Aj,46,49,42)
(w,25,9,14)
