200
2784 1858
1 35.00 15 10 10 79
2 18.50 6 4 4 76
3 32.00 13 9 9 54
4 30.50 12 8 8 83
5 20.00 7 5 5 50
6 20.00 7 5 5 55
7 17.00 6 4 4 70
8 35.00 15 10 10 80
9 24.50 9 6 6 78
10 20.00 7 5 5 68
11 30.50 12 8 8 71
12 33.50 14 9 9 84
13 15.50 5 3 3 69
14 23.00 9 6 6 80
15 32.00 13 9 9 62
16 35.00 15 10 10 52
17 20.00 7 5 5 77
18 23.00 9 6 6 54
19 21.50 8 5 5 81
20 24.50 9 6 6 71
21 14.00 4 3 3 59
22 18.50 6 4 4 52
23 24.50 9 6 6 66
24 33.50 14 9 9 90
25 21.50 8 5 5 67
26 29.00 12 8 8 69
27 14.00 4 3 3 71
28 15.50 5 3 3 78
29 35.00 15 10 10 89
30 20.00 7 5 5 76
31 17.00 6 4 4 61
32 35.00 15 10 10 74
33 32.00 13 9 9 71
34 32.00 13 9 9 73
35 27.50 11 7 7 77
36 30.50 12 8 8 58
37 30.50 12 8 8 75
38 26.00 10 7 7 61
39 17.00 6 4 4 54
40 27.50 11 7 7 79
41 30.50 12 8 8 66
42 20.00 7 5 5 61
43 15.50 5 3 3 51
44 33.50 14 9 9 54
45 35.00 15 10 10 88
46 18.50 6 4 4 79
47 24.50 9 6 6 66
48 14.00 4 3 3 82
49 26.00 10 7 7 54
50 27.50 11 7 7 81
51 21.50 8 5 5 65
52 27.50 11 7 7 53
53 27.50 11 7 7 75
54 27.50 11 7 7 52
55 20.00 7 5 5 85
56 14.00 4 3 3 67
57 20.00 7 5 5 56
58 15.50 5 3 3 63
59 14.00 4 3 3 74
60 33.50 14 9 9 76
61 21.50 8 5 5 73
62 23.00 9 6 6 51
63 21.50 8 5 5 69
64 32.00 13 9 9 71
65 21.50 8 5 5 68
66 32.00 13 9 9 64
67 17.00 6 4 4 77
68 21.50 8 5 5 75
69 29.00 12 8 8 66
70 24.50 9 6 6 68
71 35.00 15 10 10 65
72 14.00 4 3 3 89
73 17.00 6 4 4 80
74 33.50 14 9 9 65
75 23.00 9 6 6 83
76 17.00 6 4 4 59
77 32.00 13 9 9 59
78 35.00 15 10 10 80
79 15.50 5 3 3 90
80 30.50 12 8 8 72
81 29.00 12 8 8 81
82 24.50 9 6 6 74
83 20.00 7 5 5 58
84 33.50 14 9 9 72
85 30.50 12 8 8 68
86 21.50 8 5 5 51
87 32.00 13 9 9 54
88 23.00 9 6 6 57
89 15.50 5 3 3 56
90 29.00 12 8 8 55
91 24.50 9 6 6 79
92 26.00 10 7 7 69
93 15.50 5 3 3 77
94 29.00 12 8 8 79
95 15.50 5 3 3 72
96 20.00 7 5 5 68
97 30.50 12 8 8 71
98 24.50 9 6 6 88
99 24.50 9 6 6 76
100 23.00 9 6 6 58
101 33.50 14 9 9 76
102 20.00 7 5 5 68
103 27.50 11 7 7 56
104 21.50 8 5 5 84
105 24.50 9 6 6 66
106 23.00 9 6 6 75
107 18.50 6 4 4 76
108 33.50 14 9 9 72
109 24.50 9 6 6 70
110 17.00 6 4 4 83
111 14.00 4 3 3 61
112 24.50 9 6 6 57
113 27.50 11 7 7 77
114 15.50 5 3 3 64
115 21.50 8 5 5 78
116 17.00 6 4 4 86
117 20.00 7 5 5 50
118 15.50 5 3 3 80
119 15.50 5 3 3 78
120 21.50 8 5 5 78
121 14.00 4 3 3 68
122 33.50 14 9 9 56
123 14.00 4 3 3 76
124 23.00 9 6 6 51
125 21.50 8 5 5 78
126 35.00 15 10 10 68
127 33.50 14 9 9 59
128 30.50 12 8 8 86
129 15.50 5 3 3 80
130 26.00 10 7 7 58
131 30.50 12 8 8 75
132 18.50 6 4 4 65
133 29.00 12 8 8 58
134 24.50 9 6 6 69
135 29.00 12 8 8 79
136 23.00 9 6 6 60
137 20.00 7 5 5 76
138 23.00 9 6 6 55
139 33.50 14 9 9 88
140 14.00 4 3 3 79
141 15.50 5 3 3 50
142 24.50 9 6 6 73
143 23.00 9 6 6 82
144 30.50 12 8 8 72
145 27.50 11 7 7 57
146 33.50 14 9 9 80
147 20.00 7 5 5 84
148 20.00 7 5 5 73
149 24.50 9 6 6 66
150 26.00 10 7 7 79
151 32.00 13 9 9 55
152 21.50 8 5 5 63
153 15.50 5 3 3 87
154 32.00 13 9 9 70
155 32.00 13 9 9 56
156 14.00 4 3 3 82
157 30.50 12 8 8 78
158 24.50 9 6 6 78
159 33.50 14 9 9 79
160 17.00 6 4 4 51
161 26.00 10 7 7 81
162 27.50 11 7 7 53
163 27.50 11 7 7 54
164 14.00 4 3 3 63
165 17.00 6 4 4 68
166 32.00 13 9 9 55
167 30.50 12 8 8 86
168 27.50 11 7 7 81
169 30.50 12 8 8 54
170 30.50 12 8 8 61
171 24.50 9 6 6 85
172 23.00 9 6 6 58
173 32.00 13 9 9 62
174 17.00 6 4 4 53
175 26.00 10 7 7 52
176 33.50 14 9 9 80
177 35.00 15 10 10 50
178 14.00 4 3 3 65
179 26.00 10 7 7 84
180 30.50 12 8 8 87
181 29.00 12 8 8 87
182 20.00 7 5 5 75
183 20.00 7 5 5 54
184 32.00 13 9 9 88
185 35.00 15 10 10 87
186 21.50 8 5 5 88
187 30.50 12 8 8 82
188 24.50 9 6 6 52
189 23.00 9 6 6 87
190 14.00 4 3 3 83
191 33.50 14 9 9 80
192 20.00 7 5 5 84
193 35.00 15 10 10 86
194 21.50 8 5 5 61
195 26.00 10 7 7 87
196 27.50 11 7 7 78
197 23.00 9 6 6 73
198 26.00 10 7 7 84
199 21.50 8 5 5 74
200 14.00 4 3 3 70
