2
1 1095 4000
2 1125 4000
10000
1 1 6
1 2 0
2 1 7
2 2 8
3 1 8
3 2 9
4 1 8
4 2 7
5 1 0
5 2 7
6 1 0
6 2 8
7 1 8
7 2 9
8 1 8
8 2 0
9 1 7
9 2 0
10 1 0
10 2 0
11 1 0
11 2 6
12 1 8
12 2 9
13 1 9
13 2 0
14 1 6
14 2 9
15 1 0
15 2 0
16 1 8
16 2 0
17 1 7
17 2 8
18 1 0
18 2 9
19 1 6
19 2 7
20 1 6
20 2 9
21 1 9
21 2 8
22 1 9
22 2 0
23 1 0
23 2 6
24 1 0
24 2 6
25 1 9
25 2 9
26 1 8
26 2 0
27 1 0
27 2 8
28 1 7
28 2 6
29 1 0
29 2 0
30 1 6
30 2 8
31 1 8
31 2 0
32 1 7
32 2 6
33 1 0
33 2 0
34 1 8
34 2 6
35 1 8
35 2 0
36 1 6
36 2 8
37 1 9
37 2 9
38 1 9
38 2 8
39 1 7
39 2 9
40 1 8
40 2 0
41 1 6
41 2 0
42 1 0
42 2 0
43 1 7
43 2 0
44 1 6
44 2 7
45 1 0
45 2 8
46 1 0
46 2 0
47 1 0
47 2 7
48 1 0
48 2 6
49 1 8
49 2 0
50 1 0
50 2 9
51 1 8
51 2 0
52 1 6
52 2 0
53 1 9
53 2 7
54 1 0
54 2 8
55 1 0
55 2 0
56 1 8
56 2 6
57 1 8
57 2 9
58 1 9
58 2 7
59 1 7
59 2 9
60 1 8
60 2 9
61 1 0
61 2 8
62 1 7
62 2 7
63 1 0
63 2 7
64 1 9
64 2 6
65 1 7
65 2 0
66 1 0
66 2 6
67 1 0
67 2 0
68 1 7
68 2 7
69 1 7
69 2 0
70 1 0
70 2 7
71 1 0
71 2 0
72 1 8
72 2 8
73 1 0
73 2 0
74 1 9
74 2 0
75 1 0
75 2 9
76 1 7
76 2 6
77 1 0
77 2 9
78 1 0
78 2 0
79 1 9
79 2 6
80 1 8
80 2 0
81 1 0
81 2 0
82 1 0
82 2 0
83 1 0
83 2 6
84 1 9
84 2 8
85 1 0
85 2 9
86 1 8
86 2 6
87 1 6
87 2 0
88 1 9
88 2 7
89 1 8
89 2 8
90 1 8
90 2 0
91 1 9
91 2 0
92 1 0
92 2 8
93 1 7
93 2 8
94 1 7
94 2 0
95 1 8
95 2 6
96 1 0
96 2 0
97 1 7
97 2 7
98 1 6
98 2 6
99 1 0
99 2 0
100 1 0
100 2 0
101 1 9
101 2 8
102 1 9
102 2 0
103 1 8
103 2 0
104 1 0
104 2 0
105 1 8
105 2 6
106 1 0
106 2 0
107 1 9
107 2 0
108 1 0
108 2 6
109 1 8
109 2 8
110 1 0
110 2 0
111 1 9
111 2 0
112 1 7
112 2 7
113 1 9
113 2 6
114 1 0
114 2 7
115 1 0
115 2 0
116 1 7
116 2 7
117 1 7
117 2 7
118 1 7
118 2 0
119 1 7
119 2 8
120 1 0
120 2 0
121 1 8
121 2 6
122 1 9
122 2 9
123 1 9
123 2 8
124 1 8
124 2 6
125 1 7
125 2 7
126 1 7
126 2 8
127 1 7
127 2 9
128 1 7
128 2 7
129 1 7
129 2 7
130 1 0
130 2 7
131 1 8
131 2 6
132 1 7
132 2 9
133 1 0
133 2 0
134 1 7
134 2 7
135 1 7
135 2 9
136 1 7
136 2 9
137 1 0
137 2 6
138 1 8
138 2 0
139 1 0
139 2 9
140 1 0
140 2 7
141 1 0
141 2 7
142 1 6
142 2 0
143 1 9
143 2 0
144 1 9
144 2 9
145 1 8
145 2 7
146 1 0
146 2 9
147 1 9
147 2 7
148 1 9
148 2 7
149 1 9
149 2 9
150 1 0
150 2 8
151 1 8
151 2 8
152 1 9
152 2 8
153 1 6
153 2 6
154 1 0
154 2 6
155 1 9
155 2 6
156 1 0
156 2 8
157 1 6
157 2 0
158 1 0
158 2 6
159 1 0
159 2 0
160 1 9
160 2 0
161 1 0
161 2 0
162 1 9
162 2 0
163 1 6
163 2 0
164 1 6
164 2 0
165 1 9
165 2 0
166 1 8
166 2 8
167 1 0
167 2 6
168 1 9
168 2 9
169 1 0
169 2 8
170 1 6
170 2 8
171 1 0
171 2 9
172 1 9
172 2 7
173 1 8
173 2 0
174 1 0
174 2 0
175 1 9
175 2 8
176 1 8
176 2 8
177 1 0
177 2 8
178 1 9
178 2 8
179 1 6
179 2 9
180 1 9
180 2 9
181 1 0
181 2 9
182 1 8
182 2 6
183 1 7
183 2 6
184 1 7
184 2 0
185 1 7
185 2 6
186 1 0
186 2 0
187 1 0
187 2 8
188 1 7
188 2 0
189 1 0
189 2 6
190 1 9
190 2 9
191 1 0
191 2 0
192 1 7
192 2 7
193 1 0
193 2 6
194 1 7
194 2 8
195 1 7
195 2 0
196 1 0
196 2 7
197 1 9
197 2 0
198 1 6
198 2 7
199 1 0
199 2 8
200 1 6
200 2 0
