30
282 189
1 35.00 15 10 10 79
2 18.50 6 4 4 76
3 32.00 13 9 9 54
4 30.50 12 8 8 83
5 20.00 7 5 5 50
6 20.00 7 5 5 55
7 17.00 6 4 4 70
8 35.00 15 10 10 80
9 24.50 9 6 6 78
10 20.00 7 5 5 68
11 30.50 12 8 8 71
12 33.50 14 9 9 84
13 15.50 5 3 3 69
14 23.00 9 6 6 80
15 32.00 13 9 9 62
16 35.00 15 10 10 52
17 20.00 7 5 5 77
18 23.00 9 6 6 54
19 21.50 8 5 5 81
20 24.50 9 6 6 71
21 14.00 4 3 3 59
22 18.50 6 4 4 52
23 24.50 9 6 6 66
24 33.50 14 9 9 90
25 21.50 8 5 5 67
26 29.00 12 8 8 69
27 14.00 4 3 3 71
28 15.50 5 3 3 78
29 35.00 15 10 10 89
30 20.00 7 5 5 76
