80
759 506
1 35.00 15 10 10 79
2 18.50 6 4 4 76
3 32.00 13 9 9 54
4 30.50 12 8 8 83
5 20.00 7 5 5 50
6 20.00 7 5 5 55
7 17.00 6 4 4 70
8 35.00 15 10 10 80
9 24.50 9 6 6 78
10 20.00 7 5 5 68
11 30.50 12 8 8 71
12 33.50 14 9 9 84
13 15.50 5 3 3 69
14 23.00 9 6 6 80
15 32.00 13 9 9 62
16 35.00 15 10 10 52
17 20.00 7 5 5 77
18 23.00 9 6 6 54
19 21.50 8 5 5 81
20 24.50 9 6 6 71
21 14.00 4 3 3 59
22 18.50 6 4 4 52
23 24.50 9 6 6 66
24 33.50 14 9 9 90
25 21.50 8 5 5 67
26 29.00 12 8 8 69
27 14.00 4 3 3 71
28 15.50 5 3 3 78
29 35.00 15 10 10 89
30 20.00 7 5 5 76
31 17.00 6 4 4 61
32 35.00 15 10 10 74
33 32.00 13 9 9 71
34 32.00 13 9 9 73
35 27.50 11 7 7 77
36 30.50 12 8 8 58
37 30.50 12 8 8 75
38 26.00 10 7 7 61
39 17.00 6 4 4 54
40 27.50 11 7 7 79
41 30.50 12 8 8 66
42 20.00 7 5 5 61
43 15.50 5 3 3 51
44 33.50 14 9 9 54
45 35.00 15 10 10 88
46 18.50 6 4 4 79
47 24.50 9 6 6 66
48 14.00 4 3 3 82
49 26.00 10 7 7 54
50 27.50 11 7 7 81
51 21.50 8 5 5 65
52 27.50 11 7 7 53
53 27.50 11 7 7 75
54 27.50 11 7 7 52
55 20.00 7 5 5 85
56 14.00 4 3 3 67
57 20.00 7 5 5 56
58 15.50 5 3 3 63
59 14.00 4 3 3 74
60 33.50 14 9 9 76
61 21.50 8 5 5 73
62 23.00 9 6 6 51
63 21.50 8 5 5 69
64 32.00 13 9 9 71
65 21.50 8 5 5 68
66 32.00 13 9 9 64
67 17.00 6 4 4 77
68 21.50 8 5 5 75
69 29.00 12 8 8 66
70 24.50 9 6 6 68
71 35.00 15 10 10 65
72 14.00 4 3 3 89
73 17.00 6 4 4 80
74 33.50 14 9 9 65
75 23.00 9 6 6 83
76 17.00 6 4 4 59
77 32.00 13 9 9 59
78 35.00 15 10 10 80
79 15.50 5 3 3 90
80 30.50 12 8 8 72
