2
1 219 800
2 225 800
2000
1 1 6
1 2 0
2 1 7
2 2 8
3 1 8
3 2 9
4 1 8
4 2 7
5 1 0
5 2 7
6 1 0
6 2 8
7 1 8
7 2 9
8 1 8
8 2 0
9 1 7
9 2 0
10 1 0
10 2 0
11 1 0
11 2 6
12 1 8
12 2 9
13 1 9
13 2 0
14 1 6
14 2 9
15 1 0
15 2 0
16 1 8
16 2 0
17 1 7
17 2 8
18 1 0
18 2 9
19 1 6
19 2 7
20 1 6
20 2 9
21 1 9
21 2 8
22 1 9
22 2 0
23 1 0
23 2 6
24 1 0
24 2 6
25 1 9
25 2 9
26 1 8
26 2 0
27 1 0
27 2 8
28 1 7
28 2 6
29 1 0
29 2 0
30 1 6
30 2 8
31 1 8
31 2 0
32 1 7
32 2 6
33 1 0
33 2 0
34 1 8
34 2 6
35 1 8
35 2 0
36 1 6
36 2 8
37 1 9
37 2 9
38 1 9
38 2 8
39 1 7
39 2 9
40 1 8
40 2 0
