1000
1 35.00 15 10 10 79
2 18.50 6 4 4 76
3 32.00 13 9 9 54
4 30.50 12 8 8 83
5 20.00 7 5 5 50
6 20.00 7 5 5 55
7 17.00 6 4 4 70
8 35.00 15 10 10 80
9 24.50 9 6 6 78
10 20.00 7 5 5 68
11 30.50 12 8 8 71
12 33.50 14 9 9 84
13 15.50 5 3 3 69
14 23.00 9 6 6 80
15 32.00 13 9 9 62
16 35.00 15 10 10 52
17 20.00 7 5 5 77
18 23.00 9 6 6 54
19 21.50 8 5 5 81
20 24.50 9 6 6 71
21 14.00 4 3 3 59
22 18.50 6 4 4 52
23 24.50 9 6 6 66
24 33.50 14 9 9 90
25 21.50 8 5 5 67
26 29.00 12 8 8 69
27 14.00 4 3 3 71
28 15.50 5 3 3 78
29 35.00 15 10 10 89
30 20.00 7 5 5 76
31 17.00 6 4 4 61
32 35.00 15 10 10 74
33 32.00 13 9 9 71
34 32.00 13 9 9 73
35 27.50 11 7 7 77
36 30.50 12 8 8 58
37 30.50 12 8 8 75
38 26.00 10 7 7 61
39 17.00 6 4 4 54
40 27.50 11 7 7 79
41 30.50 12 8 8 66
42 20.00 7 5 5 61
43 15.50 5 3 3 51
44 33.50 14 9 9 54
45 35.00 15 10 10 88
46 18.50 6 4 4 79
47 24.50 9 6 6 66
48 14.00 4 3 3 82
49 26.00 10 7 7 54
50 27.50 11 7 7 81
51 21.50 8 5 5 65
52 27.50 11 7 7 53
53 27.50 11 7 7 75
54 27.50 11 7 7 52
55 20.00 7 5 5 85
56 14.00 4 3 3 67
57 20.00 7 5 5 56
58 15.50 5 3 3 63
59 14.00 4 3 3 74
60 33.50 14 9 9 76
61 21.50 8 5 5 73
62 23.00 9 6 6 51
63 21.50 8 5 5 69
64 32.00 13 9 9 71
65 21.50 8 5 5 68
66 32.00 13 9 9 64
67 17.00 6 4 4 77
68 21.50 8 5 5 75
69 29.00 12 8 8 66
70 24.50 9 6 6 68
71 35.00 15 10 10 65
72 14.00 4 3 3 89
73 17.00 6 4 4 80
74 33.50 14 9 9 65
75 23.00 9 6 6 83
76 17.00 6 4 4 59
77 32.00 13 9 9 59
78 35.00 15 10 10 80
79 15.50 5 3 3 90
80 30.50 12 8 8 72
81 29.00 12 8 8 81
82 24.50 9 6 6 74
83 20.00 7 5 5 58
84 33.50 14 9 9 72
85 30.50 12 8 8 68
86 21.50 8 5 5 51
87 32.00 13 9 9 54
88 23.00 9 6 6 57
89 15.50 5 3 3 56
90 29.00 12 8 8 55
91 24.50 9 6 6 79
92 26.00 10 7 7 69
93 15.50 5 3 3 77
94 29.00 12 8 8 79
95 15.50 5 3 3 72
96 20.00 7 5 5 68
97 30.50 12 8 8 71
98 24.50 9 6 6 88
99 24.50 9 6 6 76
100 23.00 9 6 6 58
101 33.50 14 9 9 76
102 20.00 7 5 5 68
103 27.50 11 7 7 56
104 21.50 8 5 5 84
105 24.50 9 6 6 66
106 23.00 9 6 6 75
107 18.50 6 4 4 76
108 33.50 14 9 9 72
109 24.50 9 6 6 70
110 17.00 6 4 4 83
111 14.00 4 3 3 61
112 24.50 9 6 6 57
113 27.50 11 7 7 77
114 15.50 5 3 3 64
115 21.50 8 5 5 78
116 17.00 6 4 4 86
117 20.00 7 5 5 50
118 15.50 5 3 3 80
119 15.50 5 3 3 78
120 21.50 8 5 5 78
121 14.00 4 3 3 68
122 33.50 14 9 9 56
123 14.00 4 3 3 76
124 23.00 9 6 6 51
125 21.50 8 5 5 78
126 35.00 15 10 10 68
127 33.50 14 9 9 59
128 30.50 12 8 8 86
129 15.50 5 3 3 80
130 26.00 10 7 7 58
131 30.50 12 8 8 75
132 18.50 6 4 4 65
133 29.00 12 8 8 58
134 24.50 9 6 6 69
135 29.00 12 8 8 79
136 23.00 9 6 6 60
137 20.00 7 5 5 76
138 23.00 9 6 6 55
139 33.50 14 9 9 88
140 14.00 4 3 3 79
141 15.50 5 3 3 50
142 24.50 9 6 6 73
143 23.00 9 6 6 82
144 30.50 12 8 8 72
145 27.50 11 7 7 57
146 33.50 14 9 9 80
147 20.00 7 5 5 84
148 20.00 7 5 5 73
149 24.50 9 6 6 66
150 26.00 10 7 7 79
151 32.00 13 9 9 55
152 21.50 8 5 5 63
153 15.50 5 3 3 87
154 32.00 13 9 9 70
155 32.00 13 9 9 56
156 14.00 4 3 3 82
157 30.50 12 8 8 78
158 24.50 9 6 6 78
159 33.50 14 9 9 79
160 17.00 6 4 4 51
161 26.00 10 7 7 81
162 27.50 11 7 7 53
163 27.50 11 7 7 54
164 14.00 4 3 3 63
165 17.00 6 4 4 68
166 32.00 13 9 9 55
167 30.50 12 8 8 86
168 27.50 11 7 7 81
169 30.50 12 8 8 54
170 30.50 12 8 8 61
171 24.50 9 6 6 85
172 23.00 9 6 6 58
173 32.00 13 9 9 62
174 17.00 6 4 4 53
175 26.00 10 7 7 52
176 33.50 14 9 9 80
177 35.00 15 10 10 50
178 14.00 4 3 3 65
179 26.00 10 7 7 84
180 30.50 12 8 8 87
181 29.00 12 8 8 87
182 20.00 7 5 5 75
183 20.00 7 5 5 54
184 32.00 13 9 9 88
185 35.00 15 10 10 87
186 21.50 8 5 5 88
187 30.50 12 8 8 82
188 24.50 9 6 6 52
189 23.00 9 6 6 87
190 14.00 4 3 3 83
191 33.50 14 9 9 80
192 20.00 7 5 5 84
193 35.00 15 10 10 86
194 21.50 8 5 5 61
195 26.00 10 7 7 87
196 27.50 11 7 7 78
197 23.00 9 6 6 73
198 26.00 10 7 7 84
199 21.50 8 5 5 74
200 14.00 4 3 3 70
201 32.00 13 9 9 62
202 21.50 8 5 5 59
203 20.00 7 5 5 72
204 23.00 9 6 6 70
205 20.00 7 5 5 81
206 15.50 5 3 3 62
207 24.50 9 6 6 54
208 29.00 12 8 8 54
209 23.00 9 6 6 66
210 21.50 8 5 5 88
211 20.00 7 5 5 58
212 26.00 10 7 7 58
213 29.00 12 8 8 63
214 14.00 4 3 3 50
215 18.50 6 4 4 84
216 20.00 7 5 5 73
217 15.50 5 3 3 58
218 29.00 12 8 8 56
219 17.00 6 4 4 80
220 35.00 15 10 10 58
221 14.00 4 3 3 67
222 21.50 8 5 5 74
223 20.00 7 5 5 88
224 26.00 10 7 7 66
225 30.50 12 8 8 56
226 26.00 10 7 7 90
227 35.00 15 10 10 67
228 18.50 6 4 4 58
229 32.00 13 9 9 83
230 32.00 13 9 9 87
231 26.00 10 7 7 50
232 29.00 12 8 8 65
233 20.00 7 5 5 84
234 26.00 10 7 7 67
235 17.00 6 4 4 76
236 15.50 5 3 3 61
237 18.50 6 4 4 87
238 15.50 5 3 3 80
239 26.00 10 7 7 84
240 30.50 12 8 8 68
241 17.00 6 4 4 84
242 18.50 6 4 4 58
243 35.00 15 10 10 72
244 26.00 10 7 7 78
245 26.00 10 7 7 57
246 26.00 10 7 7 61
247 17.00 6 4 4 72
248 20.00 7 5 5 84
249 29.00 12 8 8 77
250 20.00 7 5 5 84
251 24.50 9 6 6 54
252 23.00 9 6 6 52
253 30.50 12 8 8 78
254 35.00 15 10 10 73
255 21.50 8 5 5 61
256 14.00 4 3 3 68
257 29.00 12 8 8 70
258 24.50 9 6 6 56
259 21.50 8 5 5 65
260 15.50 5 3 3 63
261 18.50 6 4 4 84
262 21.50 8 5 5 86
263 33.50 14 9 9 89
264 35.00 15 10 10 87
265 21.50 8 5 5 59
266 14.00 4 3 3 82
267 17.00 6 4 4 65
268 18.50 6 4 4 57
269 35.00 15 10 10 60
270 29.00 12 8 8 90
271 18.50 6 4 4 72
272 35.00 15 10 10 62
273 32.00 13 9 9 82
274 14.00 4 3 3 77
275 15.50 5 3 3 73
276 30.50 12 8 8 84
277 30.50 12 8 8 74
278 30.50 12 8 8 50
279 21.50 8 5 5 79
280 33.50 14 9 9 73
281 14.00 4 3 3 90
282 33.50 14 9 9 61
283 30.50 12 8 8 82
284 17.00 6 4 4 59
285 32.00 13 9 9 78
286 30.50 12 8 8 71
287 21.50 8 5 5 61
288 33.50 14 9 9 50
289 27.50 11 7 7 69
290 18.50 6 4 4 51
291 14.00 4 3 3 54
292 15.50 5 3 3 87
293 18.50 6 4 4 72
294 33.50 14 9 9 61
295 23.00 9 6 6 80
296 21.50 8 5 5 85
297 17.00 6 4 4 77
298 23.00 9 6 6 88
299 20.00 7 5 5 63
300 18.50 6 4 4 75
301 29.00 12 8 8 74
302 18.50 6 4 4 56
303 17.00 6 4 4 58
304 35.00 15 10 10 79
305 23.00 9 6 6 74
306 15.50 5 3 3 54
307 27.50 11 7 7 50
308 14.00 4 3 3 84
309 24.50 9 6 6 89
310 24.50 9 6 6 60
311 29.00 12 8 8 88
312 14.00 4 3 3 69
313 23.00 9 6 6 88
314 26.00 10 7 7 65
315 21.50 8 5 5 54
316 17.00 6 4 4 63
317 17.00 6 4 4 61
318 17.00 6 4 4 76
319 32.00 13 9 9 75
320 18.50 6 4 4 89
321 26.00 10 7 7 54
322 32.00 13 9 9 64
323 15.50 5 3 3 50
324 32.00 13 9 9 54
325 33.50 14 9 9 56
326 27.50 11 7 7 56
327 27.50 11 7 7 88
328 14.00 4 3 3 71
329 27.50 11 7 7 89
330 18.50 6 4 4 66
331 15.50 5 3 3 50
332 24.50 9 6 6 51
333 15.50 5 3 3 73
334 21.50 8 5 5 57
335 24.50 9 6 6 61
336 18.50 6 4 4 81
337 17.00 6 4 4 53
338 33.50 14 9 9 75
339 14.00 4 3 3 67
340 21.50 8 5 5 86
341 20.00 7 5 5 50
342 23.00 9 6 6 51
343 17.00 6 4 4 75
344 14.00 4 3 3 61
345 33.50 14 9 9 79
346 20.00 7 5 5 70
347 32.00 13 9 9 85
348 33.50 14 9 9 73
349 35.00 15 10 10 89
350 33.50 14 9 9 64
351 15.50 5 3 3 86
352 21.50 8 5 5 60
353 24.50 9 6 6 74
354 24.50 9 6 6 57
355 14.00 4 3 3 80
356 14.00 4 3 3 81
357 15.50 5 3 3 65
358 29.00 12 8 8 71
359 33.50 14 9 9 59
360 30.50 12 8 8 59
361 21.50 8 5 5 68
362 15.50 5 3 3 87
363 17.00 6 4 4 53
364 18.50 6 4 4 70
365 20.00 7 5 5 70
366 18.50 6 4 4 77
367 32.00 13 9 9 81
368 30.50 12 8 8 54
369 33.50 14 9 9 77
370 17.00 6 4 4 79
371 33.50 14 9 9 59
372 27.50 11 7 7 52
373 18.50 6 4 4 82
374 21.50 8 5 5 63
375 35.00 15 10 10 88
376 35.00 15 10 10 72
377 24.50 9 6 6 79
378 35.00 15 10 10 84
379 15.50 5 3 3 89
380 32.00 13 9 9 71
381 33.50 14 9 9 73
382 32.00 13 9 9 70
383 27.50 11 7 7 79
384 35.00 15 10 10 60
385 27.50 11 7 7 68
386 35.00 15 10 10 87
387 30.50 12 8 8 64
388 32.00 13 9 9 52
389 23.00 9 6 6 56
390 21.50 8 5 5 69
391 23.00 9 6 6 51
392 33.50 14 9 9 58
393 33.50 14 9 9 61
394 14.00 4 3 3 67
395 30.50 12 8 8 58
396 30.50 12 8 8 68
397 18.50 6 4 4 80
398 17.00 6 4 4 88
399 20.00 7 5 5 59
400 35.00 15 10 10 66
401 21.50 8 5 5 56
402 24.50 9 6 6 89
403 26.00 10 7 7 64
404 14.00 4 3 3 90
405 15.50 5 3 3 72
406 30.50 12 8 8 65
407 33.50 14 9 9 57
408 33.50 14 9 9 68
409 24.50 9 6 6 78
410 26.00 10 7 7 76
411 27.50 11 7 7 80
412 21.50 8 5 5 82
413 15.50 5 3 3 90
414 30.50 12 8 8 70
415 29.00 12 8 8 62
416 26.00 10 7 7 61
417 21.50 8 5 5 57
418 29.00 12 8 8 58
419 18.50 6 4 4 83
420 33.50 14 9 9 85
421 35.00 15 10 10 60
422 14.00 4 3 3 90
423 29.00 12 8 8 59
424 26.00 10 7 7 65
425 14.00 4 3 3 68
426 14.00 4 3 3 66
427 17.00 6 4 4 55
428 20.00 7 5 5 78
429 20.00 7 5 5 57
430 17.00 6 4 4 61
431 17.00 6 4 4 66
432 33.50 14 9 9 56
433 30.50 12 8 8 63
434 18.50 6 4 4 50
435 24.50 9 6 6 53
436 15.50 5 3 3 64
437 21.50 8 5 5 53
438 21.50 8 5 5 55
439 24.50 9 6 6 89
440 21.50 8 5 5 82
441 26.00 10 7 7 79
442 15.50 5 3 3 69
443 30.50 12 8 8 51
444 35.00 15 10 10 59
445 26.00 10 7 7 86
446 20.00 7 5 5 73
447 27.50 11 7 7 61
448 17.00 6 4 4 90
449 24.50 9 6 6 62
450 32.00 13 9 9 72
451 26.00 10 7 7 70
452 21.50 8 5 5 57
453 26.00 10 7 7 76
454 30.50 12 8 8 89
455 18.50 6 4 4 62
456 29.00 12 8 8 54
457 18.50 6 4 4 59
458 32.00 13 9 9 70
459 26.00 10 7 7 63
460 33.50 14 9 9 57
461 18.50 6 4 4 58
462 35.00 15 10 10 87
463 35.00 15 10 10 87
464 14.00 4 3 3 54
465 14.00 4 3 3 65
466 24.50 9 6 6 50
467 33.50 14 9 9 57
468 26.00 10 7 7 67
469 21.50 8 5 5 69
470 35.00 15 10 10 66
471 32.00 13 9 9 77
472 26.00 10 7 7 60
473 32.00 13 9 9 62
474 24.50 9 6 6 51
475 35.00 15 10 10 85
476 35.00 15 10 10 53
477 17.00 6 4 4 90
478 26.00 10 7 7 76
479 20.00 7 5 5 74
480 29.00 12 8 8 78
481 21.50 8 5 5 68
482 32.00 13 9 9 51
483 32.00 13 9 9 59
484 29.00 12 8 8 89
485 17.00 6 4 4 63
486 14.00 4 3 3 76
487 29.00 12 8 8 81
488 18.50 6 4 4 87
489 27.50 11 7 7 50
490 14.00 4 3 3 69
491 32.00 13 9 9 56
492 35.00 15 10 10 67
493 24.50 9 6 6 57
494 23.00 9 6 6 88
495 33.50 14 9 9 53
496 14.00 4 3 3 63
497 24.50 9 6 6 84
498 26.00 10 7 7 90
499 20.00 7 5 5 81
500 29.00 12 8 8 53
501 24.50 9 6 6 66
502 20.00 7 5 5 52
503 21.50 8 5 5 78
504 18.50 6 4 4 71
505 27.50 11 7 7 63
506 14.00 4 3 3 53
507 21.50 8 5 5 83
508 30.50 12 8 8 84
509 24.50 9 6 6 56
510 26.00 10 7 7 68
511 27.50 11 7 7 89
512 24.50 9 6 6 75
513 24.50 9 6 6 56
514 21.50 8 5 5 86
515 29.00 12 8 8 67
516 35.00 15 10 10 78
517 30.50 12 8 8 66
518 27.50 11 7 7 70
519 27.50 11 7 7 60
520 15.50 5 3 3 54
521 29.00 12 8 8 71
522 33.50 14 9 9 53
523 15.50 5 3 3 59
524 27.50 11 7 7 51
525 20.00 7 5 5 67
526 29.00 12 8 8 50
527 30.50 12 8 8 89
528 17.00 6 4 4 85
529 27.50 11 7 7 87
530 23.00 9 6 6 84
531 24.50 9 6 6 84
532 14.00 4 3 3 53
533 18.50 6 4 4 52
534 23.00 9 6 6 84
535 15.50 5 3 3 56
536 15.50 5 3 3 71
537 29.00 12 8 8 85
538 33.50 14 9 9 57
539 18.50 6 4 4 87
540 32.00 13 9 9 87
541 14.00 4 3 3 68
542 21.50 8 5 5 74
543 18.50 6 4 4 90
544 27.50 11 7 7 59
545 26.00 10 7 7 75
546 17.00 6 4 4 57
547 20.00 7 5 5 69
548 27.50 11 7 7 82
549 17.00 6 4 4 87
550 14.00 4 3 3 86
551 15.50 5 3 3 78
552 35.00 15 10 10 82
553 29.00 12 8 8 80
554 33.50 14 9 9 73
555 35.00 15 10 10 84
556 23.00 9 6 6 56
557 14.00 4 3 3 67
558 33.50 14 9 9 85
559 32.00 13 9 9 90
560 24.50 9 6 6 84
561 35.00 15 10 10 71
562 18.50 6 4 4 63
563 15.50 5 3 3 60
564 15.50 5 3 3 64
565 23.00 9 6 6 67
566 29.00 12 8 8 87
567 23.00 9 6 6 79
568 33.50 14 9 9 73
569 15.50 5 3 3 89
570 21.50 8 5 5 83
571 29.00 12 8 8 66
572 32.00 13 9 9 76
573 21.50 8 5 5 80
574 32.00 13 9 9 68
575 32.00 13 9 9 73
576 30.50 12 8 8 66
577 32.00 13 9 9 71
578 33.50 14 9 9 57
579 15.50 5 3 3 51
580 27.50 11 7 7 79
581 23.00 9 6 6 74
582 23.00 9 6 6 71
583 29.00 12 8 8 70
584 33.50 14 9 9 85
585 30.50 12 8 8 71
586 18.50 6 4 4 76
587 17.00 6 4 4 88
588 23.00 9 6 6 87
589 24.50 9 6 6 72
590 23.00 9 6 6 82
591 15.50 5 3 3 57
592 32.00 13 9 9 55
593 35.00 15 10 10 78
594 29.00 12 8 8 64
595 29.00 12 8 8 77
596 17.00 6 4 4 66
597 23.00 9 6 6 84
598 20.00 7 5 5 54
599 17.00 6 4 4 89
600 30.50 12 8 8 59
601 30.50 12 8 8 52
602 23.00 9 6 6 59
603 35.00 15 10 10 74
604 24.50 9 6 6 79
605 20.00 7 5 5 50
606 29.00 12 8 8 69
607 35.00 15 10 10 53
608 30.50 12 8 8 64
609 35.00 15 10 10 88
610 17.00 6 4 4 85
611 33.50 14 9 9 85
612 17.00 6 4 4 76
613 33.50 14 9 9 68
614 32.00 13 9 9 63
615 35.00 15 10 10 56
616 15.50 5 3 3 76
617 32.00 13 9 9 75
618 33.50 14 9 9 52
619 27.50 11 7 7 59
620 23.00 9 6 6 76
621 14.00 4 3 3 54
622 33.50 14 9 9 83
623 29.00 12 8 8 83
624 18.50 6 4 4 64
625 18.50 6 4 4 61
626 24.50 9 6 6 90
627 21.50 8 5 5 89
628 26.00 10 7 7 56
629 15.50 5 3 3 78
630 14.00 4 3 3 58
631 26.00 10 7 7 65
632 30.50 12 8 8 55
633 26.00 10 7 7 80
634 17.00 6 4 4 65
635 30.50 12 8 8 71
636 32.00 13 9 9 83
637 27.50 11 7 7 78
638 17.00 6 4 4 72
639 23.00 9 6 6 78
640 20.00 7 5 5 60
641 20.00 7 5 5 64
642 20.00 7 5 5 78
643 20.00 7 5 5 59
644 33.50 14 9 9 55
645 23.00 9 6 6 76
646 23.00 9 6 6 58
647 14.00 4 3 3 61
648 33.50 14 9 9 61
649 29.00 12 8 8 85
650 26.00 10 7 7 78
651 18.50 6 4 4 71
652 33.50 14 9 9 56
653 24.50 9 6 6 88
654 32.00 13 9 9 80
655 24.50 9 6 6 55
656 20.00 7 5 5 69
657 35.00 15 10 10 59
658 35.00 15 10 10 70
659 24.50 9 6 6 50
660 15.50 5 3 3 83
661 33.50 14 9 9 52
662 20.00 7 5 5 70
663 23.00 9 6 6 86
664 30.50 12 8 8 77
665 23.00 9 6 6 81
666 24.50 9 6 6 79
667 20.00 7 5 5 59
668 30.50 12 8 8 72
669 32.00 13 9 9 84
670 29.00 12 8 8 81
671 20.00 7 5 5 90
672 21.50 8 5 5 74
673 33.50 14 9 9 55
674 27.50 11 7 7 70
675 32.00 13 9 9 51
676 24.50 9 6 6 76
677 14.00 4 3 3 62
678 27.50 11 7 7 78
679 29.00 12 8 8 79
680 21.50 8 5 5 66
681 29.00 12 8 8 56
682 32.00 13 9 9 64
683 15.50 5 3 3 51
684 32.00 13 9 9 79
685 18.50 6 4 4 68
686 17.00 6 4 4 83
687 24.50 9 6 6 67
688 14.00 4 3 3 64
689 33.50 14 9 9 79
690 15.50 5 3 3 65
691 23.00 9 6 6 72
692 33.50 14 9 9 56
693 30.50 12 8 8 51
694 14.00 4 3 3 86
695 35.00 15 10 10 65
696 20.00 7 5 5 78
697 35.00 15 10 10 64
698 35.00 15 10 10 64
699 26.00 10 7 7 71
700 33.50 14 9 9 75
701 21.50 8 5 5 90
702 17.00 6 4 4 69
703 32.00 13 9 9 84
704 21.50 8 5 5 62
705 14.00 4 3 3 67
706 24.50 9 6 6 61
707 26.00 10 7 7 73
708 23.00 9 6 6 75
709 29.00 12 8 8 81
710 18.50 6 4 4 67
711 27.50 11 7 7 68
712 15.50 5 3 3 72
713 14.00 4 3 3 84
714 23.00 9 6 6 52
715 20.00 7 5 5 60
716 14.00 4 3 3 60
717 26.00 10 7 7 64
718 27.50 11 7 7 65
719 30.50 12 8 8 72
720 15.50 5 3 3 70
721 26.00 10 7 7 75
722 32.00 13 9 9 52
723 14.00 4 3 3 69
724 35.00 15 10 10 78
725 17.00 6 4 4 84
726 32.00 13 9 9 67
727 17.00 6 4 4 78
728 24.50 9 6 6 65
729 20.00 7 5 5 60
730 18.50 6 4 4 70
731 20.00 7 5 5 61
732 17.00 6 4 4 64
733 29.00 12 8 8 66
734 35.00 15 10 10 83
735 26.00 10 7 7 80
736 24.50 9 6 6 62
737 14.00 4 3 3 84
738 32.00 13 9 9 53
739 21.50 8 5 5 77
740 14.00 4 3 3 79
741 27.50 11 7 7 69
742 32.00 13 9 9 78
743 18.50 6 4 4 70
744 14.00 4 3 3 70
745 33.50 14 9 9 68
746 33.50 14 9 9 86
747 24.50 9 6 6 84
748 24.50 9 6 6 69
749 17.00 6 4 4 79
750 27.50 11 7 7 67
751 18.50 6 4 4 84
752 30.50 12 8 8 63
753 17.00 6 4 4 69
754 17.00 6 4 4 69
755 14.00 4 3 3 51
756 29.00 12 8 8 72
757 32.00 13 9 9 53
758 20.00 7 5 5 57
759 21.50 8 5 5 67
760 26.00 10 7 7 52
761 18.50 6 4 4 63
762 21.50 8 5 5 70
763 17.00 6 4 4 57
764 18.50 6 4 4 58
765 29.00 12 8 8 62
766 35.00 15 10 10 57
767 26.00 10 7 7 57
768 23.00 9 6 6 77
769 17.00 6 4 4 86
770 26.00 10 7 7 73
771 18.50 6 4 4 58
772 23.00 9 6 6 65
773 23.00 9 6 6 77
774 33.50 14 9 9 83
775 18.50 6 4 4 78
776 21.50 8 5 5 68
777 21.50 8 5 5 82
778 18.50 6 4 4 76
779 32.00 13 9 9 86
780 23.00 9 6 6 90
781 21.50 8 5 5 73
782 18.50 6 4 4 74
783 17.00 6 4 4 56
784 30.50 12 8 8 88
785 35.00 15 10 10 52
786 35.00 15 10 10 52
787 18.50 6 4 4 81
788 24.50 9 6 6 60
789 20.00 7 5 5 62
790 30.50 12 8 8 75
791 27.50 11 7 7 54
792 14.00 4 3 3 60
793 14.00 4 3 3 82
794 26.00 10 7 7 52
795 14.00 4 3 3 73
796 17.00 6 4 4 73
797 26.00 10 7 7 81
798 35.00 15 10 10 90
799 27.50 11 7 7 85
800 21.50 8 5 5 78
801 15.50 5 3 3 75
802 26.00 10 7 7 65
803 20.00 7 5 5 89
804 30.50 12 8 8 73
805 27.50 11 7 7 76
806 33.50 14 9 9 55
807 33.50 14 9 9 71
808 29.00 12 8 8 63
809 23.00 9 6 6 70
810 23.00 9 6 6 56
811 24.50 9 6 6 87
812 30.50 12 8 8 84
813 14.00 4 3 3 63
814 33.50 14 9 9 65
815 21.50 8 5 5 74
816 23.00 9 6 6 82
817 14.00 4 3 3 81
818 18.50 6 4 4 56
819 33.50 14 9 9 52
820 32.00 13 9 9 70
821 32.00 13 9 9 79
822 32.00 13 9 9 82
823 24.50 9 6 6 55
824 27.50 11 7 7 77
825 17.00 6 4 4 62
826 35.00 15 10 10 73
827 29.00 12 8 8 58
828 27.50 11 7 7 65
829 23.00 9 6 6 66
830 29.00 12 8 8 56
831 20.00 7 5 5 67
832 24.50 9 6 6 90
833 26.00 10 7 7 88
834 27.50 11 7 7 74
835 35.00 15 10 10 78
836 21.50 8 5 5 62
837 21.50 8 5 5 87
838 23.00 9 6 6 69
839 32.00 13 9 9 87
840 15.50 5 3 3 90
841 15.50 5 3 3 84
842 32.00 13 9 9 73
843 14.00 4 3 3 65
844 26.00 10 7 7 87
845 20.00 7 5 5 54
846 24.50 9 6 6 63
847 32.00 13 9 9 80
848 27.50 11 7 7 56
849 17.00 6 4 4 79
850 15.50 5 3 3 76
851 32.00 13 9 9 88
852 24.50 9 6 6 77
853 24.50 9 6 6 72
854 29.00 12 8 8 83
855 27.50 11 7 7 53
856 21.50 8 5 5 79
857 24.50 9 6 6 60
858 20.00 7 5 5 74
859 15.50 5 3 3 85
860 35.00 15 10 10 65
861 15.50 5 3 3 86
862 33.50 14 9 9 65
863 18.50 6 4 4 69
864 30.50 12 8 8 55
865 24.50 9 6 6 53
866 33.50 14 9 9 77
867 17.00 6 4 4 51
868 35.00 15 10 10 51
869 15.50 5 3 3 58
870 29.00 12 8 8 55
871 18.50 6 4 4 63
872 15.50 5 3 3 78
873 35.00 15 10 10 73
874 18.50 6 4 4 57
875 30.50 12 8 8 56
876 33.50 14 9 9 70
877 21.50 8 5 5 82
878 17.00 6 4 4 61
879 20.00 7 5 5 52
880 18.50 6 4 4 50
881 15.50 5 3 3 63
882 29.00 12 8 8 69
883 15.50 5 3 3 76
884 35.00 15 10 10 57
885 29.00 12 8 8 58
886 17.00 6 4 4 56
887 24.50 9 6 6 72
888 18.50 6 4 4 61
889 23.00 9 6 6 80
890 27.50 11 7 7 50
891 35.00 15 10 10 90
892 27.50 11 7 7 51
893 15.50 5 3 3 62
894 33.50 14 9 9 70
895 15.50 5 3 3 58
896 32.00 13 9 9 51
897 24.50 9 6 6 74
898 30.50 12 8 8 87
899 27.50 11 7 7 63
900 33.50 14 9 9 65
901 29.00 12 8 8 80
902 20.00 7 5 5 57
903 18.50 6 4 4 62
904 20.00 7 5 5 89
905 33.50 14 9 9 61
906 26.00 10 7 7 66
907 15.50 5 3 3 59
908 18.50 6 4 4 84
909 35.00 15 10 10 75
910 26.00 10 7 7 66
911 14.00 4 3 3 67
912 27.50 11 7 7 70
913 23.00 9 6 6 74
914 27.50 11 7 7 64
915 24.50 9 6 6 58
916 20.00 7 5 5 72
917 23.00 9 6 6 65
918 20.00 7 5 5 50
919 17.00 6 4 4 89
920 14.00 4 3 3 67
921 20.00 7 5 5 83
922 26.00 10 7 7 73
923 33.50 14 9 9 67
924 23.00 9 6 6 87
925 32.00 13 9 9 60
926 32.00 13 9 9 68
927 32.00 13 9 9 73
928 35.00 15 10 10 62
929 26.00 10 7 7 76
930 24.50 9 6 6 66
931 27.50 11 7 7 80
932 21.50 8 5 5 69
933 35.00 15 10 10 75
934 21.50 8 5 5 80
935 29.00 12 8 8 64
936 26.00 10 7 7 52
937 20.00 7 5 5 74
938 29.00 12 8 8 84
939 15.50 5 3 3 59
940 32.00 13 9 9 58
941 15.50 5 3 3 85
942 29.00 12 8 8 89
943 27.50 11 7 7 84
944 26.00 10 7 7 68
945 27.50 11 7 7 70
946 14.00 4 3 3 67
947 15.50 5 3 3 87
948 14.00 4 3 3 54
949 23.00 9 6 6 85
950 33.50 14 9 9 76
951 29.00 12 8 8 87
952 35.00 15 10 10 62
953 26.00 10 7 7 87
954 35.00 15 10 10 55
955 32.00 13 9 9 52
956 15.50 5 3 3 67
957 27.50 11 7 7 54
958 29.00 12 8 8 59
959 33.50 14 9 9 62
960 33.50 14 9 9 64
961 23.00 9 6 6 69
962 14.00 4 3 3 90
963 18.50 6 4 4 73
964 14.00 4 3 3 84
965 27.50 11 7 7 68
966 35.00 15 10 10 89
967 20.00 7 5 5 54
968 15.50 5 3 3 55
969 26.00 10 7 7 63
970 24.50 9 6 6 76
971 17.00 6 4 4 87
972 18.50 6 4 4 71
973 17.00 6 4 4 60
974 30.50 12 8 8 60
975 26.00 10 7 7 62
976 29.00 12 8 8 89
977 21.50 8 5 5 65
978 32.00 13 9 9 83
979 35.00 15 10 10 70
980 33.50 14 9 9 86
981 23.00 9 6 6 52
982 35.00 15 10 10 77
983 32.00 13 9 9 80
984 33.50 14 9 9 85
985 32.00 13 9 9 79
986 14.00 4 3 3 64
987 20.00 7 5 5 86
988 30.50 12 8 8 83
989 15.50 5 3 3 75
990 20.00 7 5 5 77
991 29.00 12 8 8 77
992 35.00 15 10 10 69
993 27.50 11 7 7 52
994 17.00 6 4 4 84
995 27.50 11 7 7 53
996 20.00 7 5 5 52
997 15.50 5 3 3 62
998 33.50 14 9 9 55
999 23.00 9 6 6 84
1000 30.50 12 8 8 78
