1000
1 51.20 82 82 82 123
2 71.60 116 116 116 174
3 51.20 82 82 82 123
4 60.80 98 98 98 147
5 38.60 61 61 61 91
6 42.20 67 67 67 100
7 61.40 99 99 99 148
8 50.00 80 80 80 120
9 55.40 89 89 89 133
10 47.00 75 75 75 112
11 46.40 74 74 74 111
12 52.40 84 84 84 126
13 54.80 88 88 88 132
14 47.00 75 75 75 112
15 38.00 60 60 60 90
16 57.20 92 92 92 138
17 42.20 67 67 67 100
18 47.60 76 76 76 114
19 44.60 71 71 71 106
20 66.80 108 108 108 162
21 54.80 88 88 88 132
22 41.60 66 66 66 99
23 38.60 61 61 61 91
24 39.80 63 63 63 94
25 45.80 73 73 73 109
26 42.20 67 67 67 100
27 51.80 83 83 83 124
28 42.20 67 67 67 100
29 42.20 67 67 67 100
30 50.00 80 80 80 120
31 46.40 74 74 74 111
32 42.20 67 67 67 100
33 55.40 89 89 89 133
34 50.00 80 80 80 120
35 42.20 67 67 67 100
36 39.20 62 62 62 93
37 71.00 115 115 115 172
38 44.60 71 71 71 106
39 38.00 60 60 60 90
40 60.20 97 97 97 145
41 54.20 87 87 87 130
42 56.00 90 90 90 135
43 43.40 69 69 69 103
44 46.40 74 74 74 111
45 53.00 85 85 85 127
46 59.54 95 95 95 143
47 43.16 68 68 68 102
48 53.12 85 85 85 127
49 41.06 65 65 65 97
50 62.90 101 101 101 152
51 56.36 90 90 90 135
52 74.84 121 121 121 182
53 45.92 73 73 73 109
54 65.96 106 106 106 159
55 43.52 69 69 69 103
56 37.82 59 59 59 89
57 66.80 108 108 108 162
58 54.80 88 88 88 132
59 61.40 99 99 99 148
60 41.24 65 65 65 98
61 49.40 79 79 79 118
62 47.24 75 75 75 113
63 58.88 94 94 94 142
64 51.32 82 82 82 123
65 34.58 54 54 54 81
66 52.46 84 84 84 126
67 46.10 73 73 73 110
68 42.50 67 67 67 101
69 50.24 80 80 80 120
70 63.26 102 102 102 153
71 58.64 94 94 94 141
72 44.90 71 71 71 107
73 41.84 66 66 66 99
74 36.74 57 57 57 86
75 42.80 68 68 68 102
76 45.56 72 72 72 108
77 54.92 88 88 88 132
78 36.68 57 57 57 86
79 47.00 75 75 75 112
80 46.70 74 74 74 111
81 40.52 64 64 64 96
82 48.14 76 76 76 115
83 61.16 98 98 98 147
84 55.52 89 89 89 133
85 46.34 73 73 73 110
86 33.50 52 52 52 78
87 75.74 122 122 122 184
88 39.50 62 62 62 93
89 42.68 67 67 67 101
90 54.56 87 87 87 131
91 59.24 95 95 95 143
92 59.18 95 95 95 142
93 47.84 76 76 76 114
94 41.96 66 66 66 99
95 59.00 95 95 95 142
96 62.60 101 101 101 151
97 48.38 77 77 77 115
98 49.28 78 78 78 118
99 47.06 75 75 75 112
100 68.18 110 110 110 165
101 54.44 87 87 87 131
102 68.54 110 110 110 166
103 54.26 87 87 87 130
104 57.74 92 92 92 139
105 35.06 55 55 55 82
106 45.50 72 72 72 108
107 64.46 104 104 104 156
108 46.82 74 74 74 112
109 52.34 83 83 83 125
110 43.76 69 69 69 104
111 43.34 68 68 68 103
112 49.04 78 78 78 117
113 51.44 82 82 82 123
114 43.76 69 69 69 104
115 34.46 54 54 54 81
116 60.38 97 97 97 145
117 45.68 72 72 72 109
118 51.14 81 81 81 122
119 48.14 76 76 76 115
120 63.56 102 102 102 153
121 51.56 82 82 82 123
122 38.06 60 60 60 90
123 35.54 55 55 55 83
124 43.04 68 68 68 102
125 49.22 78 78 78 118
126 45.32 72 72 72 108
127 55.28 88 88 88 133
128 45.20 72 72 72 108
129 39.08 61 61 61 92
130 53.36 85 85 85 128
131 49.40 79 79 79 118
132 38.78 61 61 61 91
133 58.88 94 94 94 142
134 53.36 85 85 85 128
135 45.20 72 72 72 108
136 42.68 67 67 67 101
137 67.52 109 109 109 163
138 41.54 65 65 65 98
139 34.76 54 54 54 81
140 56.78 91 91 91 136
141 50.72 81 81 81 121
142 59.24 95 95 95 143
143 39.86 63 63 63 94
144 49.64 79 79 79 119
145 49.94 79 79 79 119
146 63.02 101 101 101 152
147 46.58 74 74 74 111
148 49.52 79 79 79 118
149 44.48 70 70 70 106
150 59.30 95 95 95 143
151 59.90 96 96 96 144
152 71.66 116 116 116 174
153 42.44 67 67 67 101
154 69.56 112 112 112 168
155 46.64 74 74 74 111
156 34.82 54 54 54 82
157 69.98 113 113 113 169
158 57.98 93 93 93 139
159 57.98 93 93 93 139
160 38.00 60 60 60 90
161 52.94 84 84 84 127
162 50.66 81 81 81 121
163 62.18 100 100 100 150
164 54.32 87 87 87 130
165 30.98 48 48 48 72
166 56.00 90 90 90 135
167 49.64 79 79 79 119
168 45.50 72 72 72 108
169 53.84 86 86 86 129
170 66.50 107 107 107 161
171 55.04 88 88 88 132
172 48.14 76 76 76 115
173 45.02 71 71 71 107
174 33.68 52 52 52 79
175 46.40 74 74 74 111
176 42.02 66 66 66 100
177 51.74 82 82 82 124
178 40.16 63 63 63 95
179 50.48 80 80 80 121
180 49.70 79 79 79 119
181 37.22 58 58 58 88
182 44.66 71 71 71 106
183 64.70 104 104 104 156
184 58.82 94 94 94 142
185 43.16 68 68 68 102
186 36.50 57 57 57 86
187 78.80 128 128 128 192
188 43.04 68 68 68 102
189 46.10 73 73 73 110
190 51.38 82 82 82 123
191 55.88 89 89 89 134
192 55.70 89 89 89 134
193 51.38 82 82 82 123
194 44.96 71 71 71 107
195 56.00 90 90 90 135
196 65.96 106 106 106 159
197 45.02 71 71 71 107
198 52.64 84 84 84 126
199 43.82 69 69 69 104
200 71.30 115 115 115 173
201 54.56 87 87 87 131
202 68.36 110 110 110 165
203 54.80 88 88 88 132
204 64.34 103 103 103 155
205 35.48 55 55 55 83
206 45.56 72 72 72 108
207 64.70 104 104 104 156
208 46.64 74 74 74 111
209 58.70 94 94 94 141
210 43.64 69 69 69 104
211 43.22 68 68 68 103
212 55.58 89 89 89 133
213 51.38 82 82 82 123
214 50.42 80 80 80 121
215 41.12 65 65 65 97
216 53.60 86 86 86 129
217 45.20 72 72 72 108
218 44.54 70 70 70 106
219 41.30 65 65 65 98
220 63.74 102 102 102 154
221 51.80 83 83 83 124
222 45.14 71 71 71 107
223 35.06 55 55 55 82
224 42.86 68 68 68 102
225 42.56 67 67 67 101
226 38.84 61 61 61 92
227 48.62 77 77 77 116
228 38.78 61 61 61 91
229 38.96 61 61 61 92
230 53.42 85 85 85 128
231 50.00 80 80 80 120
232 39.02 61 61 61 92
233 51.86 83 83 83 124
234 46.64 74 74 74 111
235 39.14 61 61 61 92
236 36.08 56 56 56 85
237 67.64 109 109 109 164
238 41.60 66 66 66 99
239 34.88 54 54 54 82
240 56.90 91 91 91 137
241 57.44 92 92 92 138
242 59.30 95 95 95 143
243 39.86 63 63 63 94
244 43.40 69 69 69 103
245 49.40 79 79 79 118
246 63.14 101 101 101 152
247 40.04 63 63 63 95
248 49.52 79 79 79 118
249 44.66 71 71 71 106
250 59.30 95 95 95 143
251 59.96 96 96 96 144
252 77.90 126 126 126 189
253 42.92 68 68 68 102
254 68.96 111 111 111 167
255 46.58 74 74 74 111
256 41.36 65 65 65 98
257 70.40 114 114 114 171
258 58.34 93 93 93 140
259 58.16 93 93 93 140
260 44.66 71 71 71 106
261 46.04 73 73 73 110
262 50.84 81 81 81 122
263 55.64 89 89 89 134
264 54.56 87 87 87 131
265 37.64 59 59 59 89
266 49.28 78 78 78 118
267 42.50 67 67 67 101
268 45.74 72 72 72 109
269 47.06 75 75 75 112
270 66.38 107 107 107 160
271 61.82 99 99 99 149
272 48.02 76 76 76 115
273 38.36 60 60 60 90
274 33.14 51 51 51 77
275 39.20 62 62 62 93
276 42.26 67 67 67 100
277 58.04 93 93 93 140
278 40.04 63 63 63 95
279 43.70 69 69 69 104
280 43.34 68 68 68 103
281 37.10 58 58 58 87
282 44.90 71 71 71 107
283 57.86 93 93 93 139
284 58.82 94 94 94 142
285 43.16 68 68 68 102
286 30.50 47 47 47 71
287 72.26 117 117 117 175
288 42.56 67 67 67 101
289 46.22 73 73 73 110
290 57.86 93 93 93 139
291 55.70 89 89 89 134
292 56.06 90 90 90 135
293 44.78 71 71 71 106
294 38.36 60 60 60 90
295 62.54 100 100 100 151
296 65.96 106 106 106 159
297 51.56 82 82 82 123
298 45.68 72 72 72 109
299 50.66 81 81 81 121
300 65.18 105 105 105 157
301 50.90 81 81 81 122
302 71.54 115 115 115 173
303 50.72 81 81 81 121
304 61.22 98 98 98 148
305 31.64 49 49 49 74
306 42.08 66 66 66 100
307 67.76 109 109 109 164
308 43.70 69 69 69 104
309 55.58 89 89 89 133
310 40.16 63 63 63 95
311 40.28 63 63 63 95
312 52.04 83 83 83 125
313 47.90 76 76 76 114
314 40.70 64 64 64 96
315 31.34 48 48 48 73
316 63.74 102 102 102 154
317 42.14 66 66 66 100
318 54.62 87 87 87 131
319 51.26 82 82 82 123
320 60.08 96 96 96 145
321 54.68 87 87 87 131
322 41.60 66 66 66 99
323 32.36 50 50 50 75
324 39.56 62 62 62 93
325 46.04 73 73 73 110
326 42.26 67 67 67 100
327 58.88 94 94 94 142
328 41.96 66 66 66 99
329 42.56 67 67 67 101
330 50.30 80 80 80 120
331 45.98 73 73 73 109
332 35.60 56 56 56 84
333 61.88 99 99 99 149
334 56.36 90 90 90 135
335 48.56 77 77 77 116
336 39.26 62 62 62 93
337 71.06 115 115 115 172
338 44.84 71 71 71 107
339 31.64 49 49 49 74
340 53.42 85 85 85 128
341 53.84 86 86 86 129
342 62.60 101 101 101 151
343 43.28 68 68 68 103
344 46.58 74 74 74 111
345 53.42 85 85 85 128
346 66.38 107 107 107 160
347 43.58 69 69 69 103
348 53.12 85 85 85 127
349 47.90 76 76 76 114
350 56.24 90 90 90 135
351 56.48 90 90 90 136
352 68.18 110 110 110 165
353 39.44 62 62 62 93
354 66.20 107 107 107 160
355 49.82 79 79 79 119
356 31.52 49 49 49 73
357 66.80 108 108 108 162
358 54.38 87 87 87 130
359 60.98 98 98 98 147
360 41.60 66 66 66 99
361 49.34 78 78 78 118
362 47.60 76 76 76 114
363 58.64 94 94 94 141
364 57.86 93 93 93 139
365 27.80 43 43 43 64
366 52.82 84 84 84 127
367 52.94 84 84 84 127
368 42.50 67 67 67 101
369 56.96 91 91 91 137
370 63.14 101 101 101 152
371 58.28 93 93 93 140
372 51.38 82 82 82 123
373 41.78 66 66 66 99
374 30.08 46 46 46 70
375 42.92 68 68 68 102
376 45.50 72 72 72 108
377 54.74 87 87 87 131
378 36.62 57 57 57 86
379 47.12 75 75 75 112
380 53.12 85 85 85 127
381 34.04 53 53 53 80
382 41.36 65 65 65 98
383 61.22 98 98 98 148
384 61.82 99 99 99 149
385 46.76 74 74 74 111
386 33.32 52 52 52 78
387 75.68 122 122 122 184
388 39.86 63 63 63 94
389 42.56 67 67 67 101
390 47.96 76 76 76 114
391 59.06 95 95 95 142
392 52.70 84 84 84 126
393 54.44 87 87 87 131
394 48.14 76 76 76 115
395 52.40 84 84 84 126
396 69.02 111 111 111 167
397 48.56 77 77 77 116
398 55.94 89 89 89 134
399 40.82 64 64 64 97
400 74.84 121 121 121 182
401 54.62 87 87 87 131
402 74.60 121 121 121 181
403 54.50 87 87 87 131
404 57.26 92 92 92 138
405 35.60 56 56 56 84
406 45.74 72 72 72 109
407 64.82 104 104 104 157
408 53.36 85 85 85 128
409 51.86 83 83 83 124
410 43.64 69 69 69 104
411 49.70 79 79 79 119
412 49.16 78 78 78 117
413 51.62 82 82 82 124
414 50.00 80 80 80 120
415 41.18 65 65 65 97
416 53.84 86 86 86 129
417 45.50 72 72 72 108
418 50.96 81 81 81 122
419 48.14 76 76 76 115
420 63.26 102 102 102 153
421 58.04 93 93 93 140
422 38.42 60 60 60 91
423 35.54 55 55 55 83
424 43.04 68 68 68 102
425 42.56 67 67 67 101
426 38.78 61 61 61 91
427 55.40 89 89 89 133
428 38.90 61 61 61 92
429 45.32 72 72 72 108
430 53.36 85 85 85 128
431 49.94 79 79 79 119
432 45.56 72 72 72 108
433 52.28 83 83 83 125
434 53.18 85 85 85 127
435 45.44 72 72 72 108
436 36.20 57 57 57 85
437 74.00 120 120 120 180
438 41.06 65 65 65 97
439 34.76 54 54 54 81
440 56.72 91 91 91 136
441 57.26 92 92 92 138
442 59.42 95 95 95 143
443 39.92 63 63 63 94
444 49.82 79 79 79 119
445 49.64 79 79 79 119
446 56.48 90 90 90 136
447 40.10 63 63 63 95
448 56.12 90 90 90 135
449 44.36 70 70 70 105
450 59.66 96 96 96 144
451 53.06 85 85 85 127
452 71.78 116 116 116 174
453 49.40 79 79 79 118
454 68.96 111 111 111 167
455 46.64 74 74 74 111
456 41.42 65 65 65 98
457 63.44 102 102 102 153
458 58.34 93 93 93 140
459 64.88 104 104 104 157
460 37.88 59 59 59 89
461 46.28 73 73 73 110
462 44.12 70 70 70 105
463 55.40 89 89 89 133
464 48.20 77 77 77 115
465 37.88 59 59 59 89
466 49.04 78 78 78 117
467 49.40 79 79 79 118
468 39.14 61 61 61 92
469 53.42 85 85 85 128
470 59.66 96 96 96 144
471 61.76 99 99 99 149
472 48.20 77 77 77 115
473 45.02 71 71 71 107
474 40.04 63 63 63 95
475 39.32 62 62 62 93
476 48.56 77 77 77 116
477 51.56 82 82 82 123
478 39.92 63 63 63 94
479 43.64 69 69 69 104
480 50.18 80 80 80 120
481 37.28 58 58 58 88
482 51.74 82 82 82 124
483 64.52 104 104 104 156
484 52.46 84 84 84 126
485 42.86 68 68 68 102
486 29.90 46 46 46 69
487 72.50 117 117 117 176
488 42.74 67 67 67 101
489 39.68 62 62 62 94
490 58.04 93 93 93 140
491 62.60 101 101 101 151
492 62.18 100 100 100 150
493 44.24 70 70 70 105
494 38.48 60 60 60 91
495 62.18 100 100 100 150
496 59.60 96 96 96 144
497 44.78 71 71 71 106
498 46.28 73 73 73 110
499 44.00 70 70 70 105
500 71.42 115 115 115 173
501 54.56 87 87 87 131
502 74.66 121 121 121 181
503 48.02 76 76 76 115
504 64.04 103 103 103 155
505 41.60 66 66 66 99
506 38.84 61 61 61 92
507 57.92 93 93 93 139
508 46.64 74 74 74 111
509 58.76 94 94 94 141
510 43.58 69 69 69 103
511 49.88 79 79 79 119
512 49.40 79 79 79 118
513 57.92 93 93 93 139
514 50.54 80 80 80 121
515 41.18 65 65 65 97
516 60.56 97 97 97 146
517 45.74 72 72 72 109
518 50.96 81 81 81 122
519 41.24 65 65 65 98
520 63.80 103 103 103 154
521 51.80 83 83 83 124
522 44.60 71 71 71 106
523 41.90 66 66 66 99
524 36.74 57 57 57 86
525 42.62 67 67 67 101
526 45.80 73 73 73 109
527 48.62 77 77 77 116
528 38.90 61 61 61 92
529 38.60 61 61 61 91
530 46.70 74 74 74 111
531 49.46 79 79 79 118
532 45.32 72 72 72 108
533 52.10 83 83 83 125
534 46.64 74 74 74 111
535 45.50 72 72 72 108
536 35.60 56 56 56 84
537 74.48 120 120 120 181
538 41.36 65 65 65 98
539 34.70 54 54 54 81
540 57.14 91 91 91 137
541 51.20 82 82 82 123
542 59.42 95 95 95 143
543 40.16 63 63 63 95
544 49.58 79 79 79 118
545 56.42 90 90 90 136
546 62.78 101 101 101 151
547 39.74 62 62 62 94
548 56.12 90 90 90 135
549 44.36 70 70 70 105
550 66.08 106 106 106 160
551 52.94 84 84 84 127
552 78.02 126 126 126 190
553 49.04 78 78 78 117
554 69.08 111 111 111 167
555 46.52 74 74 74 111
556 41.30 65 65 65 98
557 69.98 113 113 113 169
558 58.34 93 93 93 140
559 57.80 93 93 93 139
560 37.94 59 59 59 89
561 52.64 84 84 84 126
562 50.42 80 80 80 121
563 61.94 99 99 99 149
564 48.26 77 77 77 115
565 38.00 60 60 60 90
566 55.58 89 89 89 133
567 42.74 67 67 67 101
568 45.92 73 73 73 109
569 46.76 74 74 74 111
570 60.14 96 96 96 145
571 62.18 100 100 100 150
572 48.32 77 77 77 115
573 38.48 60 60 60 91
574 40.28 63 63 63 95
575 45.98 73 73 73 109
576 42.50 67 67 67 101
577 58.04 93 93 93 140
578 39.68 62 62 62 94
579 50.30 80 80 80 120
580 43.70 69 69 69 104
581 37.40 59 59 59 88
582 44.72 71 71 71 106
583 64.28 103 103 103 155
584 52.04 83 83 83 125
585 49.94 79 79 79 119
586 36.62 57 57 57 86
587 78.74 127 127 127 191
588 42.74 67 67 67 101
589 45.86 73 73 73 109
590 51.38 82 82 82 123
591 55.94 89 89 89 134
592 62.66 101 101 101 151
593 44.72 71 71 71 106
594 38.84 61 61 61 92
595 55.64 89 89 89 134
596 65.90 106 106 106 159
597 51.74 82 82 82 124
598 52.82 84 84 84 127
599 50.66 81 81 81 121
600 64.58 104 104 104 156
601 57.50 92 92 92 138
602 65.54 105 105 105 158
603 57.44 92 92 92 138
604 61.28 98 98 98 148
605 38.12 60 60 60 90
606 42.38 67 67 67 100
607 67.70 109 109 109 164
608 43.52 69 69 69 103
609 49.22 78 78 78 118
610 46.82 74 74 74 112
611 39.92 63 63 63 94
612 45.56 72 72 72 108
613 47.84 76 76 76 114
614 40.70 64 64 64 96
615 38.06 60 60 60 90
616 56.84 91 91 91 137
617 42.38 67 67 67 100
618 54.62 87 87 87 131
619 45.08 71 71 71 107
620 66.62 107 107 107 161
621 54.74 87 87 87 131
622 34.82 54 54 54 82
623 32.42 50 50 50 76
624 46.34 73 73 73 110
625 45.80 73 73 73 109
626 42.14 66 66 66 100
627 58.82 94 94 94 142
628 42.20 67 67 67 100
629 42.50 67 67 67 101
630 49.94 79 79 79 119
631 45.80 73 73 73 109
632 42.14 66 66 66 100
633 62.12 100 100 100 150
634 56.36 90 90 90 135
635 42.02 66 66 66 100
636 45.80 73 73 73 109
637 70.64 114 114 114 171
638 38.30 60 60 60 90
639 38.24 60 60 60 90
640 60.08 96 96 96 145
641 54.14 86 86 86 130
642 62.72 101 101 101 151
643 36.26 57 57 57 85
644 46.16 73 73 73 110
645 46.70 74 74 74 111
646 59.96 96 96 96 144
647 49.76 79 79 79 119
648 53.00 85 85 85 127
649 47.60 76 76 76 114
650 62.54 100 100 100 151
651 63.20 102 102 102 153
652 68.24 110 110 110 165
653 39.20 62 62 62 93
654 66.02 106 106 106 160
655 43.52 69 69 69 103
656 31.22 48 48 48 73
657 66.62 107 107 107 161
658 61.52 99 99 99 148
659 54.86 88 88 88 132
660 34.46 54 54 54 81
661 56.12 90 90 90 135
662 47.36 75 75 75 113
663 65.72 106 106 106 159
664 57.68 92 92 92 139
665 34.52 54 54 54 81
666 52.70 84 84 84 126
667 46.28 73 73 73 110
668 41.90 66 66 66 99
669 57.14 91 91 91 137
670 69.50 112 112 112 168
671 51.68 82 82 82 124
672 44.84 71 71 71 107
673 41.66 66 66 66 99
674 30.08 46 46 46 70
675 43.34 68 68 68 103
676 45.62 72 72 72 109
677 54.86 88 88 88 132
678 37.16 58 58 58 87
679 47.48 75 75 75 113
680 52.82 84 84 84 127
681 40.64 64 64 64 96
682 48.14 76 76 76 115
683 68.12 110 110 110 165
684 62.12 100 100 100 150
685 46.46 74 74 74 111
686 40.04 63 63 63 95
687 75.50 122 122 122 183
688 46.52 74 74 74 111
689 49.52 79 79 79 118
690 54.68 87 87 87 131
691 52.64 84 84 84 126
692 52.10 83 83 83 125
693 47.84 76 76 76 114
694 48.26 77 77 77 115
695 59.06 95 95 95 142
696 62.42 100 100 100 151
697 41.42 65 65 65 98
698 55.76 89 89 89 134
699 40.58 64 64 64 96
700 68.06 110 110 110 165
701 51.08 81 81 81 122
702 71.54 115 115 115 173
703 58.40 94 94 94 141
704 67.58 109 109 109 163
705 38.48 60 60 60 91
706 42.08 66 66 66 100
707 61.58 99 99 99 148
708 50.18 80 80 80 120
709 62.00 100 100 100 150
710 40.58 64 64 64 96
711 39.62 62 62 62 94
712 59.00 95 95 95 142
713 47.90 76 76 76 114
714 46.94 74 74 74 112
715 44.72 71 71 71 106
716 56.60 91 91 91 136
717 48.80 78 78 78 117
718 47.60 76 76 76 114
719 44.72 71 71 71 106
720 60.56 97 97 97 146
721 48.32 77 77 77 115
722 48.56 77 77 77 116
723 31.76 49 49 49 74
724 39.50 62 62 62 93
725 39.44 62 62 62 93
726 35.72 56 56 56 84
727 52.10 83 83 83 125
728 41.78 66 66 66 99
729 35.54 55 55 55 83
730 56.48 90 90 90 136
731 53.60 86 86 86 129
732 35.66 56 56 56 84
733 48.68 77 77 77 116
734 50.06 80 80 80 120
735 35.84 56 56 56 84
736 33.08 51 51 51 77
737 64.04 103 103 103 155
738 38.54 60 60 60 91
739 38.12 60 60 60 90
740 53.30 85 85 85 128
741 54.02 86 86 86 130
742 55.76 89 89 89 134
743 36.80 58 58 58 87
744 46.94 74 74 74 112
745 52.94 84 84 84 127
746 59.72 96 96 96 144
747 36.56 57 57 57 86
748 46.28 73 73 73 110
749 41.30 65 65 65 98
750 62.30 100 100 100 150
751 63.32 102 102 102 153
752 74.54 120 120 120 181
753 39.56 62 62 62 93
754 65.90 106 106 106 159
755 43.10 68 68 68 102
756 38.36 60 60 60 90
757 73.94 119 119 119 179
758 55.28 88 88 88 133
759 54.56 87 87 87 131
760 41.30 65 65 65 98
761 42.62 67 67 67 101
762 54.38 87 87 87 130
763 52.34 83 83 83 125
764 51.44 82 82 82 123
765 40.88 64 64 64 97
766 52.64 84 84 84 126
767 39.44 62 62 62 93
768 42.38 67 67 67 100
769 43.52 69 69 69 103
770 69.98 113 113 113 169
771 58.76 94 94 94 141
772 51.08 81 81 81 122
773 35.18 55 55 55 82
774 36.68 57 57 57 86
775 35.60 56 56 56 84
776 45.62 72 72 72 109
777 55.04 88 88 88 132
778 37.04 58 58 58 87
779 40.70 64 64 64 96
780 46.58 74 74 74 111
781 34.10 53 53 53 80
782 48.14 76 76 76 115
783 61.22 98 98 98 148
784 61.82 99 99 99 149
785 46.58 74 74 74 111
786 27.20 42 42 42 63
787 75.50 122 122 122 183
788 45.98 73 73 73 109
789 42.92 68 68 68 102
790 54.38 87 87 87 130
791 58.94 94 94 94 142
792 52.88 84 84 84 127
793 41.66 66 66 66 99
794 35.24 55 55 55 83
795 65.54 105 105 105 158
796 69.08 111 111 111 167
797 54.56 87 87 87 131
798 42.14 66 66 66 100
799 47.36 75 75 75 113
800 68.36 110 110 110 165
801 53.96 86 86 86 129
802 67.94 109 109 109 164
803 47.36 75 75 75 113
804 64.34 103 103 103 155
805 28.22 43 43 43 65
806 38.90 61 61 61 92
807 71.30 115 115 115 173
808 40.16 63 63 63 95
809 58.76 94 94 94 141
810 43.34 68 68 68 103
811 36.98 58 58 58 87
812 48.86 78 78 78 117
813 50.96 81 81 81 122
814 44.12 70 70 70 105
815 34.40 54 54 54 81
816 67.16 108 108 108 162
817 45.38 72 72 72 108
818 57.86 93 93 93 139
819 54.26 87 87 87 130
820 63.56 102 102 102 153
821 51.14 81 81 81 122
822 38.60 61 61 61 91
823 29.36 45 45 45 68
824 36.38 57 57 57 85
825 49.52 79 79 79 118
826 45.68 72 72 72 109
827 61.88 99 99 99 149
828 45.08 71 71 71 107
829 45.80 73 73 73 109
830 47.00 75 75 75 112
831 49.40 79 79 79 118
832 32.18 50 50 50 75
833 65.06 105 105 105 157
834 52.82 84 84 84 127
835 51.98 83 83 83 124
836 42.50 67 67 67 101
837 74.06 120 120 120 180
838 48.44 77 77 77 116
839 28.64 44 44 44 66
840 49.82 79 79 79 119
841 50.54 80 80 80 121
842 65.60 106 106 106 159
843 39.86 63 63 63 94
844 49.70 79 79 79 119
845 50.42 80 80 80 121
846 63.38 102 102 102 153
847 47.12 75 75 75 112
848 49.76 79 79 79 119
849 44.90 71 71 71 107
850 59.60 96 96 96 144
851 59.48 95 95 95 143
852 64.94 104 104 104 157
853 36.26 57 57 57 85
854 69.26 112 112 112 168
855 46.46 74 74 74 111
856 34.94 54 54 54 82
857 63.80 103 103 103 154
858 51.14 81 81 81 122
859 64.58 104 104 104 156
860 44.96 71 71 71 107
861 52.46 84 84 84 126
862 51.08 81 81 81 122
863 55.64 89 89 89 134
864 54.86 88 88 88 132
865 31.10 48 48 48 72
866 55.94 89 89 89 134
867 56.42 90 90 90 136
868 38.96 61 61 61 92
869 60.38 97 97 97 145
870 59.54 95 95 95 143
871 61.70 99 99 99 149
872 47.78 76 76 76 114
873 38.66 61 61 61 91
874 33.26 52 52 52 78
875 39.38 62 62 62 93
876 49.10 78 78 78 117
877 58.10 93 93 93 140
878 33.14 51 51 51 77
879 43.52 69 69 69 103
880 49.94 79 79 79 119
881 37.46 59 59 59 88
882 44.84 71 71 71 107
883 64.46 104 104 104 156
884 58.28 93 93 93 140
885 43.16 68 68 68 102
886 30.02 46 46 46 70
887 72.56 117 117 117 176
888 36.38 57 57 57 85
889 39.08 61 61 61 92
890 51.32 82 82 82 123
891 55.82 89 89 89 134
892 49.52 79 79 79 118
893 57.44 92 92 92 138
894 44.60 71 71 71 106
895 48.98 78 78 78 117
896 65.54 105 105 105 158
897 45.20 72 72 72 108
898 52.46 84 84 84 126
899 44.18 70 70 70 105
900 78.38 127 127 127 190
901 51.50 82 82 82 123
902 71.36 115 115 115 173
903 57.62 92 92 92 139
904 60.74 97 97 97 146
905 38.90 61 61 61 92
906 48.92 78 78 78 117
907 61.22 98 98 98 148
908 50.30 80 80 80 120
909 48.38 77 77 77 115
910 40.04 63 63 63 95
911 46.52 74 74 74 111
912 45.86 73 73 73 109
913 54.68 87 87 87 131
914 53.24 85 85 85 128
915 44.24 70 70 70 105
916 57.08 91 91 91 137
917 42.02 66 66 66 100
918 54.08 86 86 86 130
919 51.44 82 82 82 123
920 60.26 97 97 97 145
921 54.74 87 87 87 131
922 41.78 66 66 66 99
923 32.24 50 50 50 75
924 46.28 73 73 73 110
925 39.32 62 62 62 93
926 35.78 56 56 56 84
927 52.28 83 83 83 125
928 42.02 66 66 66 100
929 48.86 78 78 78 117
930 56.42 90 90 90 136
931 46.40 74 74 74 111
932 42.38 67 67 67 100
933 55.88 89 89 89 134
934 56.72 91 91 91 136
935 41.96 66 66 66 99
936 39.74 62 62 62 94
937 70.94 114 114 114 172
938 37.88 59 59 59 89
939 31.76 49 49 49 74
940 60.02 96 96 96 145
941 60.26 97 97 97 145
942 56.18 90 90 90 135
943 36.62 57 57 57 86
944 46.40 74 74 74 111
945 46.58 74 74 74 111
946 53.18 85 85 85 127
947 43.46 69 69 69 103
948 52.64 84 84 84 126
949 47.78 76 76 76 114
950 62.78 101 101 101 151
951 56.06 90 90 90 135
952 68.66 111 111 111 166
953 52.76 84 84 84 126
954 72.26 117 117 117 175
955 49.76 79 79 79 119
956 37.88 59 59 59 89
957 60.02 96 96 96 145
958 61.52 99 99 99 148
959 67.88 109 109 109 164
960 34.82 54 54 54 82
961 49.34 78 78 78 118
962 40.58 64 64 64 96
963 58.52 94 94 94 141
964 44.96 71 71 71 107
965 34.64 54 54 54 81
966 45.80 73 73 73 109
967 52.52 84 84 84 126
968 42.14 66 66 66 100
969 56.42 90 90 90 136
970 63.14 101 101 101 152
971 64.94 104 104 104 157
972 51.68 82 82 82 124
973 48.62 77 77 77 116
974 43.64 69 69 69 104
975 42.44 67 67 67 101
976 52.04 83 83 83 125
977 54.62 87 87 87 131
978 36.56 57 57 57 86
979 40.58 64 64 64 96
980 47.18 75 75 75 112
981 40.88 64 64 64 97
982 48.56 77 77 77 116
983 67.76 109 109 109 164
984 49.40 79 79 79 118
985 46.40 74 74 74 111
986 26.54 40 40 40 61
987 68.90 111 111 111 167
988 39.56 62 62 62 93
989 42.98 68 68 68 102
990 61.58 99 99 99 148
991 59.30 95 95 95 143
992 58.76 94 94 94 141
993 40.82 64 64 64 97
994 41.54 65 65 65 98
995 65.66 106 106 106 159
996 56.18 90 90 90 135
997 47.90 76 76 76 114
998 42.74 67 67 67 101
999 47.12 75 75 75 112
1000 74.84 121 121 121 182
