6
1 219 400
2 225 400
3 205 400
4 219 400
5 219 400
6 212 400
1000
1 1 6
1 2 0
1 3 9
1 4 8
1 5 8
1 6 8
2 1 7
2 2 8
2 3 0
2 4 0
2 5 0
2 6 6
3 1 8
3 2 9
3 3 7
3 4 0
3 5 6
3 6 9
4 1 8
4 2 7
4 3 0
4 4 0
4 5 7
4 6 9
5 1 0
5 2 7
5 3 8
5 4 7
5 5 7
5 6 0
6 1 0
6 2 8
6 3 9
6 4 7
6 5 6
6 6 0
7 1 8
7 2 9
7 3 8
7 4 7
7 5 9
7 6 6
8 1 8
8 2 0
8 3 7
8 4 6
8 5 8
8 6 8
9 1 7
9 2 0
9 3 8
9 4 7
9 5 0
9 6 0
10 1 0
10 2 0
10 3 0
10 4 7
10 5 6
10 6 0
11 1 0
11 2 6
11 3 6
11 4 0
11 5 0
11 6 8
12 1 8
12 2 9
12 3 9
12 4 0
12 5 0
12 6 9
13 1 9
13 2 0
13 3 7
13 4 0
13 5 6
13 6 8
14 1 6
14 2 9
14 3 9
14 4 9
14 5 7
14 6 6
15 1 0
15 2 0
15 3 8
15 4 8
15 5 6
15 6 0
16 1 8
16 2 0
16 3 0
16 4 0
16 5 9
16 6 6
17 1 7
17 2 8
17 3 0
17 4 0
17 5 9
17 6 0
18 1 0
18 2 9
18 3 0
18 4 0
18 5 7
18 6 0
19 1 6
19 2 7
19 3 9
19 4 6
19 5 8
19 6 0
20 1 6
20 2 9
20 3 0
20 4 7
20 5 7
20 6 0
21 1 9
21 2 8
21 3 0
21 4 8
21 5 6
21 6 9
22 1 9
22 2 0
22 3 0
22 4 6
22 5 7
22 6 9
23 1 0
23 2 6
23 3 0
23 4 8
23 5 9
23 6 7
24 1 0
24 2 6
24 3 8
24 4 8
24 5 0
24 6 0
25 1 9
25 2 9
25 3 8
25 4 9
25 5 9
25 6 0
26 1 8
26 2 0
26 3 7
26 4 8
26 5 8
26 6 7
27 1 0
27 2 8
27 3 8
27 4 0
27 5 8
27 6 7
28 1 7
28 2 6
28 3 0
28 4 7
28 5 9
28 6 0
29 1 0
29 2 0
29 3 8
29 4 0
29 5 0
29 6 0
30 1 6
30 2 8
30 3 9
30 4 7
30 5 0
30 6 9
31 1 8
31 2 0
31 3 8
31 4 0
31 5 7
31 6 7
32 1 7
32 2 6
32 3 7
32 4 0
32 5 9
32 6 0
33 1 0
33 2 0
33 3 7
33 4 0
33 5 9
33 6 0
34 1 8
34 2 6
34 3 8
34 4 7
34 5 0
34 6 7
35 1 8
35 2 0
35 3 7
35 4 9
35 5 0
35 6 6
36 1 6
36 2 8
36 3 9
36 4 9
36 5 0
36 6 0
37 1 9
37 2 9
37 3 7
37 4 8
37 5 7
37 6 8
38 1 9
38 2 8
38 3 6
38 4 0
38 5 7
38 6 9
39 1 7
39 2 9
39 3 8
39 4 0
39 5 8
39 6 8
40 1 8
40 2 0
40 3 8
40 4 7
40 5 7
40 6 0
41 1 6
41 2 0
41 3 6
41 4 0
41 5 0
41 6 8
42 1 0
42 2 0
42 3 0
42 4 9
42 5 8
42 6 9
43 1 7
43 2 0
43 3 8
43 4 6
43 5 0
43 6 7
44 1 6
44 2 7
44 3 8
44 4 6
44 5 9
44 6 8
45 1 0
45 2 8
45 3 0
45 4 9
45 5 9
45 6 9
46 1 0
46 2 0
46 3 7
46 4 7
46 5 0
46 6 7
47 1 0
47 2 7
47 3 0
47 4 8
47 5 8
47 6 0
48 1 0
48 2 6
48 3 7
48 4 8
48 5 7
48 6 6
49 1 8
49 2 0
49 3 8
49 4 7
49 5 9
49 6 8
50 1 0
50 2 9
50 3 7
50 4 6
50 5 7
50 6 0
51 1 8
51 2 0
51 3 6
51 4 0
51 5 6
51 6 0
52 1 6
52 2 0
52 3 0
52 4 9
52 5 9
52 6 8
53 1 9
53 2 7
53 3 8
53 4 9
53 5 6
53 6 0
54 1 0
54 2 8
54 3 9
54 4 7
54 5 0
54 6 7
55 1 0
55 2 0
55 3 8
55 4 8
55 5 0
55 6 7
56 1 8
56 2 6
56 3 8
56 4 0
56 5 8
56 6 7
57 1 8
57 2 9
57 3 8
57 4 8
57 5 0
57 6 8
58 1 9
58 2 7
58 3 0
58 4 9
58 5 0
58 6 8
59 1 7
59 2 9
59 3 0
59 4 0
59 5 0
59 6 6
60 1 8
60 2 9
60 3 8
60 4 6
60 5 0
60 6 6
61 1 0
61 2 8
61 3 7
61 4 7
61 5 9
61 6 0
62 1 7
62 2 7
62 3 0
62 4 9
62 5 0
62 6 8
63 1 0
63 2 7
63 3 9
63 4 0
63 5 0
63 6 0
64 1 9
64 2 6
64 3 9
64 4 9
64 5 0
64 6 0
65 1 7
65 2 0
65 3 8
65 4 6
65 5 9
65 6 0
66 1 0
66 2 6
66 3 6
66 4 9
66 5 9
66 6 0
67 1 0
67 2 0
67 3 8
67 4 0
67 5 6
67 6 0
68 1 7
68 2 7
68 3 9
68 4 9
68 5 8
68 6 0
69 1 7
69 2 0
69 3 9
69 4 7
69 5 0
69 6 9
70 1 0
70 2 7
70 3 0
70 4 0
70 5 7
70 6 6
71 1 0
71 2 0
71 3 0
71 4 0
71 5 8
71 6 0
72 1 8
72 2 8
72 3 0
72 4 7
72 5 6
72 6 0
73 1 0
73 2 0
73 3 0
73 4 7
73 5 0
73 6 8
74 1 9
74 2 0
74 3 9
74 4 6
74 5 9
74 6 0
75 1 0
75 2 9
75 3 7
75 4 7
75 5 6
75 6 8
76 1 7
76 2 6
76 3 9
76 4 7
76 5 8
76 6 0
77 1 0
77 2 9
77 3 8
77 4 0
77 5 8
77 6 7
78 1 0
78 2 0
78 3 0
78 4 8
78 5 0
78 6 8
79 1 9
79 2 6
79 3 0
79 4 0
79 5 7
79 6 0
80 1 8
80 2 0
80 3 6
80 4 9
80 5 8
80 6 0
81 1 0
81 2 0
81 3 8
81 4 8
81 5 8
81 6 9
82 1 0
82 2 0
82 3 6
82 4 8
82 5 0
82 6 8
83 1 0
83 2 6
83 3 0
83 4 0
83 5 0
83 6 8
84 1 9
84 2 8
84 3 7
84 4 9
84 5 0
84 6 0
85 1 0
85 2 9
85 3 0
85 4 6
85 5 6
85 6 0
86 1 8
86 2 6
86 3 0
86 4 0
86 5 6
86 6 0
87 1 6
87 2 0
87 3 0
87 4 7
87 5 9
87 6 0
88 1 9
88 2 7
88 3 0
88 4 6
88 5 8
88 6 8
89 1 8
89 2 8
89 3 0
89 4 0
89 5 0
89 6 0
90 1 8
90 2 0
90 3 0
90 4 7
90 5 8
90 6 9
91 1 9
91 2 0
91 3 6
91 4 0
91 5 7
91 6 0
92 1 0
92 2 8
92 3 6
92 4 7
92 5 9
92 6 8
93 1 7
93 2 8
93 3 0
93 4 9
93 5 6
93 6 8
94 1 7
94 2 0
94 3 6
94 4 0
94 5 8
94 6 8
95 1 8
95 2 6
95 3 8
95 4 8
95 5 0
95 6 0
96 1 0
96 2 0
96 3 6
96 4 0
96 5 0
96 6 6
97 1 7
97 2 7
97 3 0
97 4 7
97 5 8
97 6 0
98 1 6
98 2 6
98 3 8
98 4 0
98 5 9
98 6 8
99 1 0
99 2 0
99 3 9
99 4 8
99 5 9
99 6 8
100 1 0
100 2 0
100 3 9
100 4 8
100 5 9
100 6 0
