2
1 219 400
2 225 400
1000
1 1 6
1 2 0
2 1 7
2 2 8
3 1 8
3 2 9
4 1 8
4 2 7
5 1 0
5 2 7
6 1 0
6 2 8
7 1 8
7 2 9
8 1 8
8 2 0
9 1 7
9 2 0
10 1 0
10 2 0
11 1 0
11 2 6
12 1 8
12 2 9
13 1 9
13 2 0
14 1 6
14 2 9
15 1 0
15 2 0
16 1 8
16 2 0
17 1 7
17 2 8
18 1 0
18 2 9
19 1 6
19 2 7
20 1 6
20 2 9
21 1 9
21 2 8
22 1 9
22 2 0
23 1 0
23 2 6
24 1 0
24 2 6
25 1 9
25 2 9
26 1 8
26 2 0
27 1 0
27 2 8
28 1 7
28 2 6
29 1 0
29 2 0
30 1 6
30 2 8
31 1 8
31 2 0
32 1 7
32 2 6
33 1 0
33 2 0
34 1 8
34 2 6
35 1 8
35 2 0
36 1 6
36 2 8
37 1 9
37 2 9
38 1 9
38 2 8
39 1 7
39 2 9
40 1 8
40 2 0
41 1 6
41 2 0
42 1 0
42 2 0
43 1 7
43 2 0
44 1 6
44 2 7
45 1 0
45 2 8
46 1 0
46 2 0
47 1 0
47 2 7
48 1 0
48 2 6
49 1 8
49 2 0
50 1 0
50 2 9
51 1 8
51 2 0
52 1 6
52 2 0
53 1 9
53 2 7
54 1 0
54 2 8
55 1 0
55 2 0
56 1 8
56 2 6
57 1 8
57 2 9
58 1 9
58 2 7
59 1 7
59 2 9
60 1 8
60 2 9
61 1 0
61 2 8
62 1 7
62 2 7
63 1 0
63 2 7
64 1 9
64 2 6
65 1 7
65 2 0
66 1 0
66 2 6
67 1 0
67 2 0
68 1 7
68 2 7
69 1 7
69 2 0
70 1 0
70 2 7
71 1 0
71 2 0
72 1 8
72 2 8
73 1 0
73 2 0
74 1 9
74 2 0
75 1 0
75 2 9
76 1 7
76 2 6
77 1 0
77 2 9
78 1 0
78 2 0
79 1 9
79 2 6
80 1 8
80 2 0
81 1 0
81 2 0
82 1 0
82 2 0
83 1 0
83 2 6
84 1 9
84 2 8
85 1 0
85 2 9
86 1 8
86 2 6
87 1 6
87 2 0
88 1 9
88 2 7
89 1 8
89 2 8
90 1 8
90 2 0
91 1 9
91 2 0
92 1 0
92 2 8
93 1 7
93 2 8
94 1 7
94 2 0
95 1 8
95 2 6
96 1 0
96 2 0
97 1 7
97 2 7
98 1 6
98 2 6
99 1 0
99 2 0
100 1 0
100 2 0
